Data/sam03_ctd_5.cnv
* Sea-Bird SBE 9 Data File:
* FileName = D:\samoc03\ctddata\005.hex
* Software Version Seasave V 7.20d
* Temperature SN = 2951
* Conductivity SN = 2657
* Number of Bytes Per Scan = 31
* Number of Voltage Words = 2
* Number of Scans Averaged by the Deck Unit = 1
* NMEA Latitude = 34 30.07 S
* NMEA Longitude = 050 29.96 W
* NMEA UTC (Time) = Jul 08 2010  22:29:34
** Ship: Puerto Deseado
** Station: 005
** Operator:
# nquan = 22
# nvalues = 5857                        
# units = specified
# name 0 = prDM: Pressure, Digiquartz [db]
# name 1 = t090C: Temperature [ITS-90, deg C]
# name 2 = c0S/m: Conductivity [S/m]
# name 3 = sal00: Salinity, Practical [PSU]
# name 4 = sigma-é00: Density [sigma-theta, Kg/m^3]
# name 5 = sbeox0ML/L: Oxygen, SBE 43 [ml/l]
# name 6 = flSP: Fluorescence, Seapoint
# name 7 = t190C: Temperature, 2 [ITS-90, deg C]
# name 8 = c1S/m: Conductivity, 2 [S/m]
# name 9 = sal11: Salinity, Practical, 2 [PSU]
# name 10 = sigma-é11: Density, 2 [sigma-theta, Kg/m^3]
# name 11 = dz/dtM: Descent Rate [m/s]
# name 12 = sal00: Salinity, Practical [PSU]
# name 13 = sal11: Salinity, Practical, 2 [PSU]
# name 14 = sigma-é00: Density [sigma-theta, Kg/m^3]
# name 15 = sigma-é11: Density, 2 [sigma-theta, Kg/m^3]
# name 16 = potemp090C: Potential Temperature [ITS-90, deg C]
# name 17 = potemp190C: Potential Temperature, 2 [ITS-90, deg C]
# name 18 = oxsatML/L: Oxygen Saturation, Weiss [ml/l]
# name 19 = dm: Dynamic Meters [10 J/Kg]
# name 20 = gpa: Geopotential Anomaly [J/Kg]
# name 21 = flag: flag
# span 0 =      1.000,   2934.000       
# span 1 =     1.9644,    19.8965       
# span 2 =   3.179203,   4.972711       
# span 3 =    29.9192,    36.5136       
# span 4 =    21.0333,    27.8460       
# span 5 =    3.98076,    6.48774       
# span 6 = -1.615e-03, 1.1329e+00       
# span 7 =     1.9611,    19.8943       
# span 8 =   3.178366,   4.971465       
# span 9 =    29.7156,    36.5057       
# span 10 =    20.8789,    27.8399      
# span 11 =    -40.514,    115.770      
# span 12 =    29.9400,    36.5137      
# span 13 =    29.7162,    36.5058      
# span 14 =    21.0492,    27.8452      
# span 15 =    20.8794,    27.8402      
# span 16 =     1.7432,    19.8644      
# span 17 =     1.7399,    19.8626      
# span 18 =    5.12896,    7.65375      
# span 19 =     0.0004,     4.4566      
# span 20 =      0.004,     44.566      
# span 21 = 0.0000e+00, 0.0000e+00      
# interval = decibars: 1                
# start_time = Jul 08 2010 22:29:34
# bad_flag = -9.990e-29
*END*
[from data line 2173]
   2184.000     3.5808   3.305120    34.9215    27.7842    5.14250 1.0630e-02     3.5779   3.304259    34.9144    27.7789      1.316    34.9211    34.9140    27.7840    27.7786     3.4019     3.3991    7.34305     3.3810     33.810 0.0000e+00
   2185.000     3.5791   3.305002    34.9215    27.7844    5.13699 1.0630e-02     3.5762   3.304127    34.9142    27.7789      1.386    34.9211    34.9138    27.7841    27.7786     3.4001     3.3973    7.34337     3.3815     33.815 0.0000e+00
   2186.000     3.5785   3.304984    34.9213    27.7844    5.13926 1.0630e-02     3.5756   3.304132    34.9143    27.7791      1.420    34.9210    34.9140    27.7841    27.7788     3.3994     3.3966    7.34348     3.3820     33.820 0.0000e+00
   2187.000     3.5753   3.304702    34.9210    27.7844    5.13840 1.0630e-02     3.5716   3.303747    34.9136    27.7789      1.446    34.9206    34.9132    27.7841    27.7786     3.3962     3.3926    7.34408     3.3825     33.825 0.0000e+00
   2188.000     3.5718   3.304441    34.9211    27.7849    5.13510 1.0630e-02     3.5690   3.303556    34.9137    27.7792      1.436    34.9207    34.9132    27.7845    27.7788     3.3927     3.3899    7.34471     3.3830     33.830 0.0000e+00
   2189.000     3.5712   3.304427    34.9211    27.7849    5.13824 1.0630e-02     3.5684   3.303560    34.9138    27.7794      1.266    34.9207    34.9134    27.7846    27.7790     3.3920     3.3893    7.34482     3.3835     33.835 0.0000e+00
   2190.000     3.5711   3.304448    34.9209    27.7848    5.14072 1.0630e-02     3.5683   3.303578    34.9136    27.7793      0.541    34.9206    34.9133    27.7846    27.7790     3.3917     3.3890    7.34485     3.3840     33.840 0.0000e+00
   2191.000     3.5701   3.304405    34.9210    27.7849    5.13889 -9.990e-29     3.5673   3.303541    34.9136    27.7794      0.500    34.9207    34.9134    27.7847    27.7791     3.3907     3.3880    7.34503     3.3845     33.845 0.0000e+00
   2192.000     3.5691   3.304377    34.9211    27.7852    5.14535 -9.990e-29     3.5664   3.303505    34.9137    27.7795      0.904    34.9209    34.9135    27.7850    27.7793     3.3896     3.3870    7.34519     3.3850     33.850 0.0000e+00
   2193.000     3.5690   3.304392    34.9210    27.7851    5.14263 -9.990e-29     3.5662   3.303538    34.9138    27.7796      1.183    34.9207    34.9136    27.7849    27.7794     3.3894     3.3867    7.34522     3.3855     33.855 0.0000e+00
   2194.000     3.5688   3.304413    34.9209    27.7851    5.13886 -9.990e-29     3.5659   3.303541    34.9137    27.7795      1.344    34.9207    34.9134    27.7849    27.7793     3.3891     3.3863    7.34526     3.3860     33.860 0.0000e+00
   2195.000     3.5654   3.304116    34.9205    27.7851    5.13461 1.0630e-02     3.5630   3.303255    34.9130    27.7792      1.389    34.9203    34.9127    27.7849    27.7791     3.3857     3.3988    7.34589     3.3865     33.865 0.0000e+00
   2196.000     3.5607   3.303691    34.9201    27.7852    5.12585 1.0630e-02     3.5579   3.302821    34.9128    27.7796      1.208    34.9197    34.9124    27.7849    27.7793     3.3810     3.3792    7.34678     3.3871     33.871 0.0000e+00
   2197.000     3.5591   3.303566    34.9199    27.7852    5.13981 1.0630e-02     3.5566   3.302728    34.9126    27.7796      0.489    34.9195    34.9122    27.7849    27.7793     3.3793     3.3768    7.34709     3.3876     33.876 0.0000e+00
   2198.000     3.5582   3.303558    34.9199    27.7853    5.12948 1.0630e-02     3.5556   3.302691    34.9125    27.7797      0.611    34.9196    34.9124    27.7850    27.7795     3.3783     3.3758    7.34724     3.3880     33.880 0.0000e+00
   2199.000     3.5568   3.303435    34.9198    27.7853    5.12821 1.0630e-02     3.5542   3.302577    34.9124    27.7797      0.931    34.9194    34.9120    27.7850    27.7794     3.3768     3.3743    7.34751     3.3885     33.885 0.0000e+00
   2200.000     3.5566   3.303451    34.9197    27.7853    5.13566 1.0630e-02     3.5538   3.302604    34.9126    27.7799      1.102    34.9194    34.9123    27.7851    27.7796     3.3765     3.3738    7.34755     3.3890     33.890 0.0000e+00
   2201.000     3.5565   3.303490    34.9197    27.7854    5.13723 1.0630e-02     3.5537   3.302637    34.9126    27.7799      1.170    34.9195    34.9123    27.7851    27.7797     3.3763     3.3736    7.34756     3.3895     33.895 0.0000e+00
   2202.000     3.5566   3.303557    34.9199    27.7855    5.13799 1.0630e-02     3.5538   3.302683    34.9126    27.7799      1.173    34.9197    34.9123    27.7853    27.7797     3.3763     3.3736    7.34754     3.3900     33.900 0.0000e+00
   2203.000     3.5568   3.303623    34.9200    27.7855    5.14038 1.0630e-02     3.5541   3.302771    34.9128    27.7801      1.137    34.9198    34.9126    27.7854    27.7799     3.3764     3.3738    7.34749     3.3905     33.905 0.0000e+00
   2204.000     3.5574   3.303733    34.9201    27.7856    5.13915 1.0630e-02     3.5548   3.302895    34.9130    27.7802      0.853    34.9199    34.9128    27.7855    27.7800     3.3770     3.3744    7.34737     3.3910     33.910 0.0000e+00
   2205.000     3.5579   3.303856    34.9205    27.7859    5.13514 1.0630e-02     3.5551   3.302971    34.9130    27.7802      0.472    34.9204    34.9129    27.7858    27.7801     3.3773     3.3746    7.34726     3.3915     33.915 0.0000e+00
   2206.000     3.5576   3.303882    34.9207    27.7860    5.13330 1.0630e-02     3.5555   3.303063    34.9132    27.7803      0.829    34.9205    34.9131    27.7859    27.7802     3.3770     3.3749    7.34730     3.3921     33.921 0.0000e+00
   2207.000     3.5470   3.302801    34.9189    27.7856    5.12995 1.0630e-02     3.5451   3.301921    34.9106    27.7796      1.159    34.9185    34.9101    27.7853    27.7789     3.3664     3.3645    7.34933     3.3925     33.925 0.0000e+00
   2208.000     3.5408   3.302228    34.9183    27.7858    5.13865 1.0630e-02     3.5375   3.301281    34.9106    27.7799      1.328    34.9178    34.9100    27.7854    27.7795     3.3602     3.3570    7.35050     3.3931     33.931 0.0000e+00
   2209.000     3.5350   3.301658    34.9173    27.7855    5.12884 1.0630e-02     3.5334   3.300873    34.9097    27.7796      1.242    34.9166    34.9090    27.7850    27.7791     3.3545     3.3529    7.35161     3.3935     33.935 0.0000e+00
   2210.000     3.5321   3.301355    34.9162    27.7850    5.09561 1.0630e-02     3.5300   3.300556    34.9090    27.7794      0.339    34.9157    34.9084    27.7845    27.7790     3.3515     3.3494    7.35220     3.3940     33.940 0.0000e+00
   2211.000     3.5132   3.299456    34.9137    27.7848    5.08590 1.0630e-02     3.5124   3.298655    34.9051    27.7780      0.641    34.9126    34.9040    27.7839    27.7771     3.3328     3.3321    7.35579     3.3945     33.945 0.0000e+00
   2212.000     3.4858   3.296707    34.9101    27.7847    5.07778 1.0630e-02     3.4846   3.295879    34.9016    27.7781      1.057    34.9084    34.9000    27.7831    27.7765     3.3058     3.3046    7.36099     3.3950     33.950 0.0000e+00
   2213.000     3.4762   3.295800    34.9092    27.7847    5.07519 1.0630e-02     3.4738   3.294942    34.9016    27.7788      1.245    34.9073    34.8997    27.7832    27.7774     3.2963     3.2939    7.36280     3.3956     33.956 0.0000e+00
   2214.000     3.4765   3.295843    34.9087    27.7843    5.06835 -9.990e-29     3.4741   3.294998    34.9012    27.7785      1.287    34.9071    34.8996    27.7830    27.7772     3.2964     3.2941    7.36277     3.3960     33.960 0.0000e+00
   2215.000     3.4765   3.295888    34.9085    27.7842    5.06391 -9.990e-29     3.4744   3.295073    34.9011    27.7785      1.248    34.9071    34.8997    27.7830    27.7773     3.2963     3.2943    7.36276     3.3965     33.965 0.0000e+00
   2216.000     3.4765   3.295925    34.9084    27.7840    5.08281 -9.990e-29     3.4744   3.295109    34.9010    27.7783      1.222    34.9070    34.8996    27.7830    27.7773     3.2963     3.2942    7.36276     3.3971     33.971 0.0000e+00
   2217.000     3.4779   3.296114    34.9085    27.7840    5.08530 -9.990e-29     3.4758   3.295313    34.9013    27.7785      1.253    34.9074    34.9002    27.7831    27.7776     3.2975     3.2954    7.36249     3.3975     33.975 0.0000e+00
   2218.000     3.4796   3.296385    34.9085    27.7841    5.08386 -9.990e-29     3.4765   3.295478    34.9012    27.7785      1.286    34.9078    34.9009    27.7833    27.7781     3.2991     3.2961    7.36216     3.3981     33.981 0.0000e+00
   2219.000     3.5003   3.298897    34.9138    27.7866    5.09555 1.0630e-02     3.5011   3.298356    34.9078    27.7813      1.187    34.9137    34.9078    27.7861    27.7812     3.3193     3.3241    7.35810     3.3986     33.986 0.0000e+00
   2220.000     3.4921   3.297910    34.9127    27.7861    5.13951 1.0630e-02     3.4848   3.296798    34.9070    27.7808      0.377    34.9124    34.9068    27.7858    27.7821     3.3111     3.3038    7.35965     3.3993     33.993 0.0000e+00
   2221.000     3.5634   3.305711    34.9270    27.7907    5.16881 1.0630e-02     3.5599   3.305035    34.9230    27.7868      1.003    34.9291    34.9248    27.7924    27.7893     3.3811     3.3776    7.34584     3.3998     33.998 0.0000e+00
   2222.000     3.5683   3.306243    34.9278    27.7908    5.19166 1.0630e-02     3.5658   3.305458    34.9212    27.7858      1.284    34.9297    34.9231    27.7924    27.7873     3.3859     3.3834    7.34490     3.4003     34.003 0.0000e+00
   2223.000     3.5813   3.307745    34.9312    27.7923    5.21147 1.0630e-02     3.5781   3.306909    34.9247    27.7875      1.383    34.9333    34.9268    27.7940    27.7891     3.3986     3.3954    7.34236     3.4008     34.008 0.0000e+00
   2224.000     3.5839   3.308066    34.9319    27.7927    5.22244 1.0630e-02     3.5807   3.307159    34.9246    27.7872      1.418    34.9339    34.9265    27.7943    27.7887     3.4010     3.3979    7.34186     3.4013     34.013 0.0000e+00
   2225.000     3.5806   3.307753    34.9317    27.7928    5.22521 1.0630e-02     3.5775   3.306840    34.9244    27.7873      1.437    34.9333    34.9257    27.7941    27.7884     3.3976     3.4025    7.34251     3.4018     34.018 0.0000e+00
   2226.000     3.5778   3.307531    34.9316    27.7930    5.22437 1.0630e-02     3.5749   3.306691    34.9247    27.7877      1.445    34.9331    34.9262    27.7942    27.7890     3.3948     3.3919    7.34302     3.4023     34.023 0.0000e+00
   2227.000     3.5782   3.307588    34.9316    27.7930    5.22630 1.0630e-02     3.5753   3.306738    34.9246    27.7876      1.456    34.9329    34.9259    27.7940    27.7887     3.3950     3.3922    7.34296     3.4028     34.028 0.0000e+00
   2228.000     3.5779   3.307611    34.9318    27.7931    5.22644 1.0630e-02     3.5750   3.306739    34.9246    27.7877      1.467    34.9330    34.9258    27.7941    27.7886     3.3947     3.3919    7.34301     3.4033     34.033 0.0000e+00
   2229.000     3.5768   3.307542    34.9317    27.7932    5.22756 1.0630e-02     3.5740   3.306678    34.9246    27.7878      1.386    34.9328    34.9256    27.7941    27.7886     3.3936     3.3908    7.34320     3.4038     34.038 0.0000e+00
   2230.000     3.5691   3.306653    34.9298    27.7926    5.21573 1.0630e-02     3.5650   3.305511    34.9212    27.7864      0.741    34.9300    34.9209    27.7926    27.7857     3.3859     3.3886    7.34475     3.4047     34.047 0.0000e+00
   2231.000     3.5757   3.307478    34.9319    27.7935    5.22156 -9.990e-29     3.5682   3.306271    34.9255    27.7888      1.146    34.9323    34.9260    27.7939    27.7895     3.3922     3.3850    7.34344     3.4052     34.052 0.0000e+00
   2232.000     3.5781   3.307774    34.9323    27.7936    5.21699 -9.990e-29     3.5751   3.306914    34.9253    27.7883      1.271    34.9328    34.9258    27.7940    27.7887     3.3945     3.3916    7.34297     3.4057     34.057 0.0000e+00
   2233.000     3.5782   3.307821    34.9323    27.7936    5.21962 -9.990e-29     3.5752   3.306966    34.9254    27.7884      1.284    34.9327    34.9259    27.7940    27.7887     3.3945     3.3916    7.34295     3.4062     34.062 0.0000e+00
   2234.000     3.5790   3.307974    34.9329    27.7940    5.22774 -9.990e-29     3.5760   3.307089    34.9256    27.7885      1.311    34.9333    34.9260    27.7944    27.7888     3.3952     3.3922    7.34279     3.4067     34.067 0.0000e+00
   2235.000     3.5793   3.308056    34.9331    27.7942    5.22529 -9.990e-29     3.5762   3.307185    34.9260    27.7888      1.347    34.9335    34.9264    27.7945    27.7891     3.3954     3.3924    7.34272     3.4072     34.072 0.0000e+00
   2236.000     3.5788   3.308052    34.9332    27.7943    5.21631 -9.990e-29     3.5756   3.307176    34.9262    27.7890      1.376    34.9335    34.9265    27.7945    27.7893     3.3948     3.3917    7.34282     3.4077     34.077 0.0000e+00
   2237.000     3.5784   3.308051    34.9332    27.7944    5.21523 -9.990e-29     3.5746   3.307098    34.9260    27.7890      1.469    34.9335    34.9262    27.7946    27.7892     3.3943     3.3906    7.34290     3.4082     34.082 0.0000e+00
   2238.000     3.5758   3.307885    34.9331    27.7945    5.21656 1.0630e-02     3.5718   3.306847    34.9254    27.7888      1.227    34.9333    34.9256    27.7946    27.7889     3.3921     3.3932    7.34329     3.4088     34.088 0.0000e+00
   2239.000     3.5763   3.307914    34.9330    27.7944    5.22001 1.0630e-02     3.5736   3.307043    34.9256    27.7887      0.707    34.9331    34.9256    27.7945    27.7888     3.3920     3.3893    7.34329     3.4096     34.096 0.0000e+00
   2240.000     3.5723   3.307593    34.9331    27.7949    5.21495 1.0630e-02     3.5691   3.306679    34.9256    27.7892      1.238    34.9330    34.9256    27.7948    27.7892     3.3880     3.3849    7.34402     3.4101     34.101 0.0000e+00
   2241.000     3.5734   3.307743    34.9332    27.7949    5.21799 1.0630e-02     3.5710   3.306934    34.9262    27.7895      1.408    34.9332    34.9262    27.7948    27.7895     3.3890     3.3866    7.34381     3.4106     34.106 0.0000e+00
   2242.000     3.5737   3.307793    34.9330    27.7947    5.22336 1.0630e-02     3.5712   3.306969    34.9259    27.7893      1.441    34.9330    34.9259    27.7947    27.7893     3.3892     3.3867    7.34376     3.4110     34.110 0.0000e+00
   2243.000     3.5729   3.307744    34.9329    27.7947    5.21715 -9.990e-29     3.5699   3.306862    34.9256    27.7891      1.443    34.9328    34.9255    27.7946    27.7891     3.3883     3.3854    7.34393     3.4115     34.115 0.0000e+00
   2244.000     3.5703   3.307525    34.9325    27.7946    5.22004 -9.990e-29     3.5682   3.306738    34.9255    27.7892      1.423    34.9324    34.9254    27.7946    27.7892     3.3857     3.3836    7.34441     3.4120     34.120 0.0000e+00
   2245.000     3.5667   3.307221    34.9323    27.7949    5.22226 -9.990e-29     3.5646   3.306392    34.9248    27.7891      1.212    34.9322    34.9247    27.7947    27.7889     3.3820     3.3799    7.34508     3.4125     34.125 0.0000e+00
   2246.000     3.5643   3.307002    34.9319    27.7948    5.21503 -9.990e-29     3.5609   3.306067    34.9245    27.7891      0.780    34.9317    34.9242    27.7946    27.7890     3.3795     3.3762    7.34554     3.4130     34.130 0.0000e+00
   2247.000     3.5617   3.306764    34.9314    27.7946    5.20115 1.0630e-02     3.5563   3.305594    34.9233    27.7886      0.906    34.9311    34.9230    27.7944    27.7884     3.3769     3.3716    7.34604     3.4135     34.135 0.0000e+00
   2248.000     3.5513   3.305739    34.9300    27.7946    5.20735 1.0630e-02     3.5474   3.304724    34.9221    27.7886      1.159    34.9295    34.9216    27.7941    27.7882     3.3665     3.3628    7.34802     3.4140     34.140 0.0000e+00
