Data/sam03_ctd_6.cnv
* Sea-Bird SBE 9 Data File:
* FileName = D:\samoc03\ctddata\006.hex
* Software Version Seasave V 7.20d
* Temperature SN = 2951
* Conductivity SN = 2657
* Number of Bytes Per Scan = 31
* Number of Voltage Words = 2
* Number of Scans Averaged by the Deck Unit = 1
* NMEA Latitude = 34 30.81 S
* NMEA Longitude = 049 28.54 W
* NMEA UTC (Time) = Jul 09 2010  14:25:00
** Ship: Puerto Deseado
** Station: 006
** Operator: AnaP
# nquan = 18
# nvalues = 7152                        
# units = specified
# name 0 = scan: Scan Count
# name 1 = prDM: Pressure, Digiquartz [db]
# name 2 = t090C: Temperature [ITS-90, deg C]
# name 3 = c0S/m: Conductivity [S/m]
# name 4 = t190C: Temperature, 2 [ITS-90, deg C]
# name 5 = c1S/m: Conductivity, 2 [S/m]
# name 6 = flSP: Fluorescence, Seapoint
# name 7 = sbeox0ML/L: Oxygen, SBE 43 [ml/l]
# name 8 = sal00: Salinity, Practical [PSU]
# name 9 = sal11: Salinity, Practical, 2 [PSU]
# name 10 = sigma-é00: Density [sigma-theta, Kg/m^3]
# name 11 = sigma-é11: Density, 2 [sigma-theta, Kg/m^3]
# name 12 = potemp090C: Potential Temperature [ITS-90, deg C]
# name 13 = potemp190C: Potential Temperature, 2 [ITS-90, deg C]
# name 14 = oxsatML/L: Oxygen Saturation, Weiss [ml/l]
# name 15 = dm: Dynamic Meters [10 J/Kg]
# name 16 = gpa: Geopotential Anomaly [J/Kg]
# name 17 = flag: flag
# span 0 =       5178,     308697       
# span 1 =      1.000,   3578.000       
# span 2 =     0.6857,    19.0128       
# span 3 =   3.084907,   4.840433       
# span 4 =     0.6830,    19.0114       
# span 5 =   3.084153,   4.839380       
# span 6 = -1.661e-03, 3.9042e-01       
# span 7 =    1.33203,    6.66877       
# span 8 =    34.2127,    36.2077       
# span 9 =    34.2039,    36.2022       
# span 10 =    25.9094,    27.8437      
# span 11 =    25.9380,    27.8385      
# span 12 =     0.4328,    19.0110      
# span 13 =     0.4302,    19.0096      
# span 14 =    5.22341,    7.91698      
# span 15 =     0.0005,     3.6906      
# span 16 =      0.005,     36.906      
# span 17 = 0.0000e+00, 0.0000e+00      
# interval = decibars: 1                
# start_time = Jul 09 2010 14:25:00
# bad_flag = -9.990e-29
*END*
[from data line 6031]
     250258   1121.000     3.9837   3.244860     3.9828   3.244098 3.8355e-03    4.72553    34.3052    34.2972    27.2438    27.2376     3.8984     3.8975    7.30017     3.3066     33.066 0.0000e+00
     250286   1120.000     3.9833   3.244776     3.9795   3.243887 6.0520e-03    4.72607    34.3051    34.2986    27.2438    27.2390     3.8981     3.8943    7.30025     3.3066     33.066 0.0000e+00
     250311   1119.000     3.9833   3.244698     3.9810   3.243866 5.3825e-03    4.73250    34.3047    34.2973    27.2435    27.2378     3.8982     3.8958    7.30027     3.3066     33.066 0.0000e+00
     250442   1118.000     3.9725   3.243365     3.9658   3.242112 6.1535e-03    4.74899    34.3007    34.2929    27.2414    27.2358     3.8876     3.8809    7.30240     3.3071     33.071 0.0000e+00
     250488   1117.000     3.9658   3.242596     3.9558   3.241028 6.4338e-03    4.75444    34.2991    34.2910    27.2408    27.2353     3.8809     3.8711    7.30370     3.3072     33.072 0.0000e+00
     250517   1116.000     3.9529   3.241247     3.9488   3.240223 4.9838e-03    4.76347    34.2971    34.2893    27.2404    27.2347     3.8683     3.8642    7.30611     3.3072     33.072 0.0000e+00
     250544   1115.000     3.9450   3.240349     3.9413   3.239378 6.2640e-03    4.77631    34.2952    34.2876    27.2398    27.2341     3.8605     3.8569    7.30763     3.3072     33.072 0.0000e+00
     250625   1114.000     3.9389   3.239622     3.9343   3.238560 7.8015e-03    4.78398    34.2934    34.2857    27.2389    27.2333     3.8546     3.8500    7.30880     3.3077     33.077 0.0000e+00
     250704   1113.000     3.9389   3.239578     3.9354   3.238628 3.3280e-03    4.78631    34.2934    34.2859    27.2389    27.2333     3.8547     3.8597    7.30880     3.3083     33.083 0.0000e+00
     250721   1112.000     3.9387   3.239524     3.9349   3.238555 3.8270e-03    4.79014    34.2935    34.2861    27.2390    27.2335     3.8545     3.8511    7.30884     3.3083     33.083 0.0000e+00
     250792   1111.000     3.9209   3.237639     3.9144   3.236319 4.3406e-03    4.80386    34.2893    34.2814    27.2374    27.2318     3.8369     3.8306    7.31226     3.3086     33.086 0.0000e+00
     250854   1110.000     3.9061   3.235938     3.8929   3.234015 6.9529e-03    4.82471    34.2860    34.2770    27.2363    27.2304     3.8224     3.8094    7.31508     3.3089     33.089 0.0000e+00
     250888   1109.000     3.8924   3.234440     3.8865   3.233233 5.4623e-03    4.83599    34.2831    34.2750    27.2353    27.2294     3.8089     3.8031    7.31769     3.3089     33.089 0.0000e+00
     250919   1108.000     3.8966   3.234772     3.8883   3.233339 6.7944e-03    4.84836    34.2832    34.2748    27.2350    27.2292     3.8132     3.8049    7.31693     3.3089     33.089 0.0000e+00
     250938   1107.000     3.8985   3.234941     3.8971   3.234202 8.7238e-03    4.84526    34.2836    34.2764    27.2351    27.2295     3.8151     3.8137    7.31656     3.3089     33.089 0.0000e+00
     250957   1106.000     3.8986   3.234825     3.9009   3.234473 5.4815e-03    4.82872    34.2827    34.2762    27.2344    27.2290     3.8153     3.8176    7.31660     3.3089     33.089 0.0000e+00
     250995   1105.000     3.8725   3.232080     3.8638   3.230427 6.5634e-03    4.86793    34.2779    34.2674    27.2331    27.2256     3.7895     3.7809    7.32155     3.3089     33.089 0.0000e+00
     251069   1104.000     3.8205   3.226452     3.7664   3.220266 3.1298e-03    4.93879    34.2659    34.2489    27.2287    27.2205     3.7381     3.6845    7.33152     3.3089     33.089 0.0000e+00
     251106   1103.000     3.7910   3.223485     3.7779   3.221407 7.6950e-03    4.96450    34.2619    34.2510    27.2284    27.2211     3.7089     3.6959    7.33706     3.3089     33.089 0.0000e+00
     251126   1102.000     3.7793   3.222009     3.7752   3.220815 3.3591e-03    4.97860    34.2572    34.2473    27.2258    27.2184     3.6974     3.6933    7.33942     3.3089     33.089 0.0000e+00
     251143   1101.000     3.7678   3.220809     3.7637   3.219682 7.1686e-03    4.98349    34.2553    34.2463    27.2255    27.2187     3.6861     3.6820    7.34159     3.3089     33.089 0.0000e+00
     251516   1100.000     3.7703   3.220890     3.7653   3.219821 3.7371e-03    4.99212    34.2542    34.2468    27.2243    27.2189     3.6887     3.6837    7.34119     3.3119     33.119 0.0000e+00
     252444   1099.000     3.7800   3.221739     3.7775   3.220942 5.7434e-03    4.99702    34.2547    34.2479    27.2237    27.2186     3.6984     3.6959    7.33940     3.3195     33.195 0.0000e+00
     252573   1098.000     3.7959   3.223230     3.7921   3.222238 6.0633e-03    4.99545    34.2563    34.2486    27.2234    27.2177     3.7142     3.7104    7.33644     3.3200     33.200 0.0000e+00
     252589   1097.000     3.7953   3.223122     3.7933   3.222334 6.0513e-03    4.99598    34.2561    34.2489    27.2234    27.2178     3.7137     3.7117    7.33656     3.3200     33.200 0.0000e+00
     252605   1096.000     3.7982   3.223362     3.7978   3.222759 6.0513e-03    4.98894    34.2565    34.2498    27.2234    27.2181     3.7166     3.7162    7.33602     3.3200     33.200 0.0000e+00
     252620   1095.000     3.8057   3.224046     3.8050   3.223422 7.5767e-03    4.98617    34.2573    34.2506    27.2233    27.2180     3.7242     3.7235    7.33462     3.3200     33.200 0.0000e+00
     252637   1094.000     3.8142   3.224828     3.8172   3.224638 4.9096e-03    4.98600    34.2582    34.2528    27.2231    27.2186     3.7327     3.7357    7.33303     3.3200     33.200 0.0000e+00
     252655   1093.000     3.8250   3.225934     3.8289   3.225633 7.3699e-03    4.98014    34.2606    34.2530    27.2240    27.2176     3.7435     3.7473    7.33096     3.3200     33.200 0.0000e+00
     252703   1092.000     3.8472   3.228052     3.8514   3.227895 5.3143e-03    4.96229    34.2631    34.2568    27.2237    27.2183     3.7655     3.7697    7.32683     3.3202     33.202 0.0000e+00
     252782   1091.000     3.8765   3.230776     3.8805   3.230612 4.1571e-03    4.94585    34.2654    34.2592    27.2227    27.2173     3.7947     3.7987    7.32143     3.3206     33.206 0.0000e+00
     252797   1090.000     3.8873   3.231786     3.8884   3.231358 4.1191e-03    4.94124    34.2665    34.2604    27.2225    27.2175     3.8055     3.8066    7.31941     3.3206     33.206 0.0000e+00
     252811   1089.000     3.8927   3.232270     3.8935   3.231781 4.5187e-03    4.93692    34.2672    34.2606    27.2225    27.2171     3.8109     3.8117    7.31841     3.3206     33.206 0.0000e+00
     252827   1088.000     3.8970   3.232663     3.8948   3.231898 2.7525e-03    4.94003    34.2678    34.2611    27.2226    27.2174     3.8153     3.8131    7.31760     3.3206     33.206 0.0000e+00
     252846   1087.000     3.8941   3.232234     3.8937   3.231586 5.8662e-03    4.94835    34.2662    34.2591    27.2215    27.2159     3.8125     3.8121    7.31819     3.3206     33.206 0.0000e+00
     252929   1086.000     3.8752   3.230054     3.8710   3.229040 1.9641e-03    4.98252    34.2607    34.2531    27.2190    27.2133     3.7938     3.7897    7.32188     3.3209     33.209 0.0000e+00
     252966   1085.000     3.8694   3.229400     3.8654   3.228395 7.1927e-03    4.98669    34.2595    34.2517    27.2186    27.2128     3.7881     3.7842    7.32299     3.3210     33.210 0.0000e+00
     252978   1084.000     3.8675   3.229156     3.8639   3.228168 6.5743e-03    4.98703    34.2590    34.2512    27.2184    27.2125     3.7864     3.7827    7.32335     3.3210     33.210 0.0000e+00
     252990   1083.000     3.8687   3.229195     3.8636   3.228099 6.1953e-03    4.98559    34.2588    34.2511    27.2181    27.2125     3.7876     3.7826    7.32315     3.3210     33.210 0.0000e+00
     253001   1082.000     3.8863   3.230799     3.8795   3.229782 4.5317e-03    4.98160    34.2600    34.2550    27.2173    27.2140     3.8052     3.7984    7.31991     3.3210     33.210 0.0000e+00
     253014   1081.000     3.9035   3.232341     3.8982   3.231426 5.3869e-03    4.97863    34.2608    34.2555    27.2162    27.2125     3.8223     3.8171    7.31677     3.3210     33.210 0.0000e+00
     253044   1080.000     3.9111   3.233037     3.9209   3.233404 4.3236e-03    4.97433    34.2616    34.2558    27.2161    27.2105     3.8299     3.8397    7.31536     3.3211     33.211 0.0000e+00
     253151   1079.000     3.9416   3.235894     3.9411   3.235282 6.6950e-03    4.96112    34.2643    34.2575    27.2152    27.2098     3.8602     3.8598    7.30974     3.3217     33.217 0.0000e+00
     253159   1078.000     3.9437   3.236050     3.9428   3.235399 3.9888e-03    4.96182    34.2644    34.2576    27.2150    27.2097     3.8624     3.8616    7.30935     3.3217     33.217 0.0000e+00
     253171   1077.000     3.9441   3.236050     3.9444   3.235503 1.5123e-03    4.96201    34.2644    34.2577    27.2150    27.2096     3.8629     3.8632    7.30927     3.3217     33.217 0.0000e+00
     253183   1076.000     3.9459   3.236169     3.9455   3.235504 5.3876e-03    4.96209    34.2645    34.2570    27.2148    27.2090     3.8648     3.8644    7.30894     3.3217     33.217 0.0000e+00
     253195   1075.000     3.9461   3.236088     3.9446   3.235349 3.5401e-03    4.96217    34.2638    34.2567    27.2143    27.2087     3.8651     3.8636    7.30894     3.3217     33.217 0.0000e+00
     253209   1074.000     3.9446   3.235858     3.9420   3.234963 1.4795e-03    4.96214    34.2632    34.2553    27.2139    27.2079     3.8637     3.8611    7.30924     3.3217     33.217 0.0000e+00
     253230   1073.000     3.9433   3.235615     3.9401   3.234707 6.0164e-03    4.97429    34.2622    34.2548    27.2133    27.2078     3.8624     3.8592    7.30953     3.3217     33.217 0.0000e+00
     253286   1072.000     3.9356   3.234727     3.9284   3.233385 6.1883e-03    4.99079    34.2602    34.2518    27.2125    27.2065     3.8548     3.8492    7.31102     3.3217     33.217 0.0000e+00
     253331   1071.000     3.9293   3.234017     3.9257   3.233047 5.2789e-03    4.99928    34.2588    34.2511    27.2120    27.2062     3.8487     3.8451    7.31221     3.3217     33.217 0.0000e+00
     253362   1070.000     3.9272   3.233729     3.9242   3.232809 3.2885e-03    5.00130    34.2581    34.2503    27.2116    27.2057     3.8467     3.8438    7.31262     3.3217     33.217 0.0000e+00
     253388   1069.000     3.9244   3.233312     3.9173   3.232004 5.1229e-03    5.01200    34.2566    34.2485    27.2107    27.2050     3.8440     3.8370    7.31320     3.3217     33.217 0.0000e+00
     253407   1068.000     3.9167   3.232476     3.9119   3.231371 5.6098e-03    5.01752    34.2552    34.2472    27.2104    27.2044     3.8365     3.8318    7.31466     3.3217     33.217 0.0000e+00
     253424   1067.000     3.9157   3.232291     3.9117   3.231287 6.1175e-04    5.01868    34.2546    34.2469    27.2099    27.2042     3.8356     3.8316    7.31487     3.3217     33.217 0.0000e+00
     253442   1066.000     3.9174   3.232402     3.9134   3.231429 4.7295e-03    5.01712    34.2546    34.2473    27.2098    27.2044     3.8374     3.8334    7.31456     3.3217     33.217 0.0000e+00
     253470   1065.000     3.9225   3.232834     3.9200   3.232037 2.5143e-03    5.01898    34.2550    34.2481    27.2096    27.2043     3.8424     3.8400    7.31363     3.3217     33.217 0.0000e+00
     253534   1064.000     3.9374   3.234115     3.9429   3.233963 6.1460e-03    5.02363    34.2551    34.2476    27.2082    27.2016     3.8573     3.8628    7.31094     3.3217     33.217 0.0000e+00
     253571   1063.000     3.9408   3.234337     3.9397   3.233632 7.7848e-03    5.02755    34.2546    34.2476    27.2074    27.2019     3.8609     3.8597    7.31034     3.3217     33.217 0.0000e+00
     253591   1062.000     3.9431   3.234458     3.9403   3.233631 4.4080e-03    5.03009    34.2542    34.2474    27.2069    27.2017     3.8632     3.8604    7.30995     3.3217     33.217 0.0000e+00
     253608   1061.000     3.9434   3.234459     3.9417   3.233685 7.6305e-03    5.03417    34.2544    34.2471    27.2070    27.2013     3.8636     3.8619    7.30988     3.3217     33.217 0.0000e+00
     253623   1060.000     3.9448   3.234547     3.9437   3.233826 4.0816e-03    5.03283    34.2545    34.2472    27.2069    27.2012     3.8650     3.8640    7.30963     3.3217     33.217 0.0000e+00
     253639   1059.000     3.9475   3.234726     3.9472   3.234080 3.7610e-03    5.03612    34.2543    34.2471    27.2065    27.2007     3.8678     3.8675    7.30915     3.3217     33.217 0.0000e+00
     253656   1058.000     3.9511   3.234996     3.9531   3.234604 2.3062e-03    5.03677    34.2543    34.2476    27.2061    27.2006     3.8714     3.8734    7.30851     3.3217     33.217 0.0000e+00
     253698   1057.000     3.9677   3.236427     3.9668   3.235775 5.4543e-03    5.03539    34.2544    34.2477    27.2045    27.1992     3.8880     3.8871    7.30551     3.3218     33.218 0.0000e+00
     253789   1056.000     3.9799   3.237472     3.9785   3.236745 6.9715e-03    5.03261    34.2546    34.2475    27.2034    27.1979     3.9002     3.8988    7.30331     3.3220     33.220 0.0000e+00
     253805   1055.000     3.9816   3.237588     3.9791   3.236763 5.2798e-03    5.03776    34.2547    34.2476    27.2033    27.1979     3.9019     3.8995    7.30300     3.3220     33.220 0.0000e+00
     253820   1054.000     3.9833   3.237717     3.9814   3.236947 5.3990e-03    5.03521    34.2549    34.2479    27.2033    27.1979     3.9037     3.9019    7.30267     3.3220     33.220 0.0000e+00
     253834   1053.000     3.9859   3.237927     3.9862   3.237399 3.6401e-03    5.02647    34.2553    34.2488    27.2033    27.1981     3.9064     3.9067    7.30220     3.3220     33.220 0.0000e+00
     253847   1052.000     3.9900   3.238285     3.9942   3.238099 6.2160e-03    5.02642    34.2558    34.2495    27.2033    27.1979     3.9105     3.9192    7.30145     3.3220     33.220 0.0000e+00
     253862   1051.000     3.9980   3.239059     4.0094   3.239450 2.2942e-03    5.03509    34.2570    34.2498    27.2035    27.1966     3.9185     3.9299    7.29993     3.3220     33.220 0.0000e+00
     253884   1050.000     4.0194   3.240889     4.0178   3.240173 3.7674e-03    5.03172    34.2570    34.2502    27.2013    27.1960     3.9398     3.9383    7.29610     3.3220     33.220 0.0000e+00
     253960   1049.000     4.0533   3.243962     4.0609   3.244126 3.1428e-03    5.02111    34.2585    34.2525    27.1990    27.1935     3.9735     3.9811    7.28995     3.3220     33.220 0.0000e+00
     253988   1048.000     4.0613   3.244638     4.0604   3.244027 4.2888e-03    5.01894    34.2587    34.2524    27.1984    27.1934     3.9816     3.9807    7.28850     3.3220     33.220 0.0000e+00
     254010   1047.000     4.0662   3.245069     4.0643   3.244320 6.9283e-03    5.01865    34.2591    34.2523    27.1982    27.1929     3.9865     3.9847    7.28759     3.3220     33.220 0.0000e+00
     254035   1046.000     4.0659   3.244959     4.0655   3.244322 4.3665e-03    5.01866    34.2587    34.2516    27.1978    27.1922     3.9863     3.9859    7.28768     3.3220     33.220 0.0000e+00
     254069   1045.000     4.0678   3.245070     4.0674   3.244419 4.5222e-03    5.01678    34.2585    34.2513    27.1975    27.1918     3.9883     3.9879    7.28734     3.3220     33.220 0.0000e+00
     254107   1044.000     4.0712   3.245312     4.0710   3.244712 4.5250e-03    5.02108    34.2583    34.2515    27.1970    27.1916     3.9917     3.9915    7.28674     3.3220     33.220 0.0000e+00
     254133   1043.000     4.0732   3.245476     4.0711   3.244698 6.0024e-03    5.02810    34.2587    34.2517    27.1971    27.1917     3.9938     3.9917    7.28637     3.3220     33.220 0.0000e+00
