Data/sam03_ctd_6.cnv
* Sea-Bird SBE 9 Data File:
* FileName = D:\samoc03\ctddata\006.hex
* Software Version Seasave V 7.20d
* Temperature SN = 2951
* Conductivity SN = 2657
* Number of Bytes Per Scan = 31
* Number of Voltage Words = 2
* Number of Scans Averaged by the Deck Unit = 1
* NMEA Latitude = 34 30.81 S
* NMEA Longitude = 049 28.54 W
* NMEA UTC (Time) = Jul 09 2010  14:25:00
** Ship: Puerto Deseado
** Station: 006
** Operator: AnaP
# nquan = 18
# nvalues = 7152                        
# units = specified
# name 0 = scan: Scan Count
# name 1 = prDM: Pressure, Digiquartz [db]
# name 2 = t090C: Temperature [ITS-90, deg C]
# name 3 = c0S/m: Conductivity [S/m]
# name 4 = t190C: Temperature, 2 [ITS-90, deg C]
# name 5 = c1S/m: Conductivity, 2 [S/m]
# name 6 = flSP: Fluorescence, Seapoint
# name 7 = sbeox0ML/L: Oxygen, SBE 43 [ml/l]
# name 8 = sal00: Salinity, Practical [PSU]
# name 9 = sal11: Salinity, Practical, 2 [PSU]
# name 10 = sigma-é00: Density [sigma-theta, Kg/m^3]
# name 11 = sigma-é11: Density, 2 [sigma-theta, Kg/m^3]
# name 12 = potemp090C: Potential Temperature [ITS-90, deg C]
# name 13 = potemp190C: Potential Temperature, 2 [ITS-90, deg C]
# name 14 = oxsatML/L: Oxygen Saturation, Weiss [ml/l]
# name 15 = dm: Dynamic Meters [10 J/Kg]
# name 16 = gpa: Geopotential Anomaly [J/Kg]
# name 17 = flag: flag
# span 0 =       5178,     308697       
# span 1 =      1.000,   3578.000       
# span 2 =     0.6857,    19.0128       
# span 3 =   3.084907,   4.840433       
# span 4 =     0.6830,    19.0114       
# span 5 =   3.084153,   4.839380       
# span 6 = -1.661e-03, 3.9042e-01       
# span 7 =    1.33203,    6.66877       
# span 8 =    34.2127,    36.2077       
# span 9 =    34.2039,    36.2022       
# span 10 =    25.9094,    27.8437      
# span 11 =    25.9380,    27.8385      
# span 12 =     0.4328,    19.0110      
# span 13 =     0.4302,    19.0096      
# span 14 =    5.22341,    7.91698      
# span 15 =     0.0005,     3.6906      
# span 16 =      0.005,     36.906      
# span 17 = 0.0000e+00, 0.0000e+00      
# interval = decibars: 1                
# start_time = Jul 09 2010 14:25:00
# bad_flag = -9.990e-29
*END*
[from data line 5629]
     233775   1523.000     3.0102   3.192248     3.0075   3.191380 -9.990e-29    4.06351    34.4962    34.4886    27.4919    27.4861     2.9005     2.8979    7.46936     3.2683     32.683 0.0000e+00
     233791   1522.000     3.0098   3.192140     3.0071   3.191280 -9.990e-29    4.06278    34.4958    34.4883    27.4917    27.4859     2.9002     2.8976    7.46945     3.2683     32.683 0.0000e+00
     233809   1521.000     3.0091   3.192015     3.0063   3.191170 -9.990e-29    4.06276    34.4955    34.4883    27.4915    27.4859     2.8996     2.8969    7.46960     3.2683     32.683 0.0000e+00
     233829   1520.000     3.0091   3.191914     3.0059   3.191029 -9.990e-29    4.06430    34.4948    34.4875    27.4909    27.4854     2.8997     2.8966    7.46963     3.2683     32.683 0.0000e+00
     233861   1519.000     3.0091   3.191811     3.0063   3.190930 1.0630e-02    4.06264    34.4940    34.4864    27.4903    27.4844     2.8998     2.8970    7.46966     3.2683     32.683 0.0000e+00
     233954   1518.000     3.0100   3.191670     3.0072   3.190801 1.0630e-02    4.07188    34.4920    34.4845    27.4885    27.4828     2.9007     2.8980    7.46961     3.2683     32.683 0.0000e+00
     233971   1517.000     3.0099   3.191640     3.0070   3.190777 1.0630e-02    4.06838    34.4922    34.4849    27.4887    27.4831     2.9007     2.8979    7.46962     3.2683     32.683 0.0000e+00
     233986   1516.000     3.0098   3.191594     3.0070   3.190715 1.0630e-02    4.06423    34.4922    34.4846    27.4888    27.4829     2.9007     2.8980    7.46963     3.2683     32.683 0.0000e+00
     233999   1515.000     3.0097   3.191521     3.0069   3.190644 1.0630e-02    4.06581    34.4919    34.4844    27.4885    27.4828     2.9007     2.8979    7.46966     3.2683     32.683 0.0000e+00
     234013   1514.000     3.0098   3.191473     3.0072   3.190587 1.0630e-02    4.06687    34.4918    34.4839    27.4884    27.4823     2.9009     2.8983    7.46966     3.2683     32.683 0.0000e+00
     234029   1513.000     3.0098   3.191401     3.0069   3.190556 1.0630e-02    4.06612    34.4914    34.4843    27.4880    27.4826     2.9010     2.8982    7.46967     3.2683     32.683 0.0000e+00
     234052   1512.000     3.0102   3.191385     3.0072   3.190518 1.0630e-02    4.07217    34.4912    34.4840    27.4879    27.4824     2.9015     2.8985    7.46960     3.2683     32.683 0.0000e+00
     234137   1511.000     3.0118   3.191401     3.0094   3.190575 1.0630e-02    4.06979    34.4903    34.4829    27.4870    27.4813     2.9031     2.9008    7.46936     3.2683     32.683 0.0000e+00
     234167   1510.000     3.0122   3.191403     3.0093   3.190536 1.0630e-02    4.07785    34.4904    34.4830    27.4870    27.4814     2.9036     2.9008    7.46928     3.2683     32.683 0.0000e+00
     234186   1509.000     3.0138   3.191489     3.0117   3.190702 1.0630e-02    4.08248    34.4903    34.4830    27.4868    27.4812     2.9053     2.9032    7.46899     3.2683     32.683 0.0000e+00
     234203   1508.000     3.0180   3.191796     3.0150   3.190963 1.0630e-02    4.08444    34.4900    34.4832    27.4862    27.4810     2.9095     2.9065    7.46821     3.2683     32.683 0.0000e+00
     234222   1507.000     3.0259   3.192441     3.0227   3.191627 1.0630e-02    4.08900    34.4900    34.4835    27.4854    27.4806     2.9174     2.9142    7.46674     3.2683     32.683 0.0000e+00
     234243   1506.000     3.0325   3.192958     3.0325   3.192389 1.0630e-02    4.08471    34.4897    34.4828    27.4846    27.4791     2.9240     2.9241    7.46551     3.2683     32.683 0.0000e+00
     234265   1505.000     3.0371   3.193313     3.0391   3.192873 -9.990e-29    4.08977    34.4897    34.4822    27.4842    27.4780     2.9286     2.9306    7.46466     3.2683     32.683 0.0000e+00
     234293   1504.000     3.0441   3.193873     3.0440   3.193265 -9.990e-29    4.09014    34.4895    34.4823    27.4834    27.4777     2.9356     2.9355    7.46335     3.2683     32.683 0.0000e+00
     234346   1503.000     3.0518   3.194451     3.0507   3.193763 1.0630e-02    4.09764    34.4888    34.4817    27.4822    27.4766     2.9433     2.9423    7.46194     3.2683     32.683 0.0000e+00
     234387   1502.000     3.0522   3.194439     3.0504   3.193682 1.0630e-02    4.09290    34.4887    34.4815    27.4821    27.4765     2.9438     2.9421    7.46187     3.2683     32.683 0.0000e+00
     234408   1501.000     3.0530   3.194449     3.0504   3.193643 1.0630e-02    4.10046    34.4885    34.4816    27.4818    27.4765     2.9447     2.9422    7.46173     3.2683     32.683 0.0000e+00
     234426   1500.000     3.0534   3.194423     3.0510   3.193607 1.0630e-02    4.10353    34.4883    34.4810    27.4816    27.4760     2.9452     2.9428    7.46167     3.2683     32.683 0.0000e+00
     234445   1499.000     3.0534   3.194392     3.0510   3.193572 1.0630e-02    4.09217    34.4884    34.4811    27.4816    27.4761     2.9453     2.9429    7.46166     3.2683     32.683 0.0000e+00
     234472   1498.000     3.0539   3.194370     3.0513   3.193533 -9.990e-29    4.09362    34.4881    34.4808    27.4814    27.4758     2.9458     2.9433    7.46159     3.2683     32.683 0.0000e+00
     234535   1497.000     3.0565   3.194476     3.0544   3.193684 -9.990e-29    4.10148    34.4872    34.4799    27.4804    27.4748     2.9485     2.9464    7.46115     3.2683     32.683 0.0000e+00
     234558   1496.000     3.0565   3.194456     3.0536   3.193610 1.0630e-02    4.10914    34.4874    34.4803    27.4806    27.4751     2.9486     2.9457    7.46114     3.2683     32.683 0.0000e+00
     234574   1495.000     3.0580   3.194538     3.0560   3.193758 1.0630e-02    4.10438    34.4873    34.4801    27.4804    27.4748     2.9501     2.9482    7.46086     3.2683     32.683 0.0000e+00
     234588   1494.000     3.0599   3.194666     3.0581   3.193914 1.0630e-02    4.09800    34.4873    34.4802    27.4802    27.4747     2.9521     2.9503    7.46050     3.2683     32.683 0.0000e+00
     234602   1493.000     3.0644   3.195023     3.0619   3.194249 1.0630e-02    4.09672    34.4874    34.4807    27.4798    27.4747     2.9566     2.9542    7.45967     3.2683     32.683 0.0000e+00
     234620   1492.000     3.0673   3.195182     3.0675   3.194626 1.0630e-02    4.10576    34.4868    34.4798    27.4791    27.4735     2.9596     2.9598    7.45915     3.2683     32.683 0.0000e+00
     234694   1491.000     3.0772   3.195988     3.0759   3.195261 1.0630e-02    4.10742    34.4865    34.4791    27.4780    27.4722     2.9695     2.9682    7.45732     3.2684     32.684 0.0000e+00
     234736   1490.000     3.0791   3.196093     3.0770   3.195284 -9.990e-29    4.10968    34.4862    34.4787    27.4776    27.4718     2.9714     2.9694    7.45697     3.2685     32.685 0.0000e+00
     234749   1489.000     3.0798   3.196105     3.0780   3.195344 -9.990e-29    4.11561    34.4861    34.4789    27.4774    27.4718     2.9722     2.9704    7.45684     3.2685     32.685 0.0000e+00
     234762   1488.000     3.0803   3.196098     3.0785   3.195334 -9.990e-29    4.11861    34.4861    34.4787    27.4773    27.4716     2.9727     2.9710    7.45676     3.2685     32.685 0.0000e+00
     234775   1487.000     3.0811   3.196129     3.0788   3.195333 -9.990e-29    4.11314    34.4861    34.4789    27.4773    27.4717     2.9737     2.9714    7.45661     3.2685     32.685 0.0000e+00
     234791   1486.000     3.0815   3.196113     3.0792   3.195310 -9.990e-29    4.10862    34.4860    34.4788    27.4771    27.4716     2.9741     2.9718    7.45654     3.2685     32.685 0.0000e+00
     234812   1485.000     3.0820   3.196105     3.0794   3.195279 -9.990e-29    4.11368    34.4859    34.4787    27.4770    27.4715     2.9747     2.9722    7.45645     3.2685     32.685 0.0000e+00
     234841   1484.000     3.0830   3.196136     3.0807   3.195319 1.0630e-02    4.11734    34.4856    34.4783    27.4767    27.4711     2.9758     2.9735    7.45627     3.2685     32.685 0.0000e+00
     234863   1483.000     3.0834   3.196132     3.0821   3.195410 1.0630e-02    4.11293    34.4857    34.4784    27.4767    27.4710     2.9763     2.9750    7.45620     3.2685     32.685 0.0000e+00
     234882   1482.000     3.0846   3.196203     3.0834   3.195508 1.0630e-02    4.11295    34.4858    34.4787    27.4766    27.4711     2.9775     2.9764    7.45597     3.2685     32.685 0.0000e+00
     234902   1481.000     3.0858   3.196274     3.0838   3.195499 1.0630e-02    4.11795    34.4858    34.4787    27.4766    27.4711     2.9788     2.9768    7.45574     3.2685     32.685 0.0000e+00
     234934   1480.000     3.0914   3.196723     3.0885   3.195890 1.0630e-02    4.11506    34.4858    34.4789    27.4760    27.4708     2.9844     2.9816    7.45469     3.2685     32.685 0.0000e+00
     234973   1479.000     3.0957   3.197051     3.0944   3.196344 -9.990e-29    4.12333    34.4858    34.4787    27.4756    27.4701     2.9887     2.9875    7.45390     3.2685     32.685 0.0000e+00
     234993   1478.000     3.0988   3.197285     3.0985   3.196683 -9.990e-29    4.12534    34.4858    34.4789    27.4754    27.4698     2.9919     2.9916    7.45332     3.2685     32.685 0.0000e+00
     235008   1477.000     3.1020   3.197532     3.1057   3.197250 -9.990e-29    4.11731    34.4859    34.4787    27.4751    27.4690     2.9952     2.9988    7.45271     3.2685     32.685 0.0000e+00
     235022   1476.000     3.1087   3.198043     3.1071   3.197340 -9.990e-29    4.11421    34.4855    34.4788    27.4742    27.4690     3.0019     3.0003    7.45148     3.2685     32.685 0.0000e+00
     235036   1475.000     3.1125   3.198325     3.1113   3.197655 -9.990e-29    4.11501    34.4854    34.4786    27.4738    27.4684     3.0057     3.0045    7.45079     3.2685     32.685 0.0000e+00
     235052   1474.000     3.1147   3.198440     3.1142   3.197755 -9.990e-29    4.12548    34.4849    34.4772    27.4732    27.4671     3.0080     3.0075    7.45039     3.2685     32.685 0.0000e+00
     235075   1473.000     3.1137   3.198106     3.1123   3.197361 -9.990e-29    4.12709    34.4825    34.4750    27.4714    27.4655     3.0070     3.0057    7.45071     3.2685     32.685 0.0000e+00
     235147   1472.000     3.1076   3.197169     3.1046   3.196278 1.0630e-02    4.12846    34.4781    34.4707    27.4684    27.4627     3.0011     2.9981    7.45205     3.2685     32.685 0.0000e+00
     235187   1471.000     3.1066   3.197004     3.1035   3.196126 1.0630e-02    4.12476    34.4777    34.4704    27.4681    27.4626     3.0002     2.9972    7.45226     3.2685     32.685 0.0000e+00
     235218   1470.000     3.1065   3.196927     3.1040   3.196102 1.0630e-02    4.12607    34.4774    34.4702    27.4679    27.4624     3.0002     2.9977    7.45230     3.2685     32.685 0.0000e+00
     235270   1469.000     3.1126   3.197343     3.1129   3.196824 1.0630e-02    4.13167    34.4765    34.4699    27.4666    27.4613     3.0063     3.0093    7.45121     3.2685     32.685 0.0000e+00
     235295   1468.000     3.1140   3.197477     3.1112   3.196628 1.0630e-02    4.13269    34.4772    34.4699    27.4670    27.4615     3.0078     3.0050    7.45092     3.2685     32.685 0.0000e+00
     235316   1467.000     3.1187   3.197880     3.1166   3.197142 1.0630e-02    4.13861    34.4775    34.4709    27.4668    27.4617     3.0125     3.0105    7.45002     3.2685     32.685 0.0000e+00
     235340   1466.000     3.1250   3.198385     3.1238   3.197763 1.0630e-02    4.13248    34.4775    34.4712    27.4662    27.4614     3.0188     3.0177    7.44885     3.2685     32.685 0.0000e+00
     235367   1465.000     3.1320   3.198991     3.1321   3.198496 -9.990e-29    4.14233    34.4779    34.4718    27.4659    27.4610     3.0258     3.0260    7.44753     3.2685     32.685 0.0000e+00
     235426   1464.000     3.1527   3.200859     3.1526   3.200326 -9.990e-29    4.14022    34.4790    34.4727    27.4649    27.4599     3.0464     3.0463    7.44362     3.2686     32.686 0.0000e+00
     235496   1463.000     3.1630   3.201822     3.1616   3.201052 -9.990e-29    4.14452    34.4802    34.4724    27.4649    27.4589     3.0567     3.0553    7.44164     3.2688     32.688 0.0000e+00
     235508   1462.000     3.1618   3.201619     3.1611   3.200934 -9.990e-29    4.14306    34.4795    34.4721    27.4645    27.4586     3.0555     3.0549    7.44190     3.2688     32.688 0.0000e+00
     235520   1461.000     3.1612   3.201355     3.1591   3.200532 -9.990e-29    4.14267    34.4775    34.4698    27.4629    27.4570     3.0551     3.0530    7.44211     3.2688     32.688 0.0000e+00
     235533   1460.000     3.1553   3.200514     3.1532   3.199659 -9.990e-29    4.14211    34.4740    34.4661    27.4607    27.4545     3.0493     3.0472    7.44337     3.2688     32.688 0.0000e+00
     235548   1459.000     3.1505   3.199839     3.1466   3.198760 1.0630e-02    4.13919    34.4715    34.4635    27.4591    27.4531     3.0447     3.0408    7.44439     3.2688     32.688 0.0000e+00
     235581   1458.000     3.1463   3.199216     3.1415   3.198072 1.0630e-02    4.14368    34.4690    34.4604    27.4575    27.4511     3.0406     3.0358    7.44530     3.2688     32.688 0.0000e+00
     235650   1457.000     3.1434   3.198694     3.1401   3.197778 1.0630e-02    4.14491    34.4663    34.4588    27.4556    27.4499     3.0378     3.0345    7.44598     3.2688     32.688 0.0000e+00
     235676   1456.000     3.1430   3.198634     3.1393   3.197655 1.0630e-02    4.15159    34.4665    34.4586    27.4557    27.4498     3.0375     3.0339    7.44604     3.2688     32.688 0.0000e+00
     235697   1455.000     3.1428   3.198544     3.1390   3.197574 1.0630e-02    4.15332    34.4662    34.4585    27.4555    27.4498     3.0373     3.0336    7.44611     3.2688     32.688 0.0000e+00
     235714   1454.000     3.1414   3.198327     3.1377   3.197362 1.0630e-02    4.15192    34.4655    34.4578    27.4551    27.4493     3.0361     3.0325    7.44639     3.2688     32.688 0.0000e+00
     235730   1453.000     3.1392   3.198005     3.1337   3.196743 1.0630e-02    4.15224    34.4644    34.4551    27.4544    27.4475     3.0340     3.0285    7.44685     3.2688     32.688 0.0000e+00
     235745   1452.000     3.1333   3.197241     3.1301   3.196307 1.0630e-02    4.14704    34.4617    34.4540    27.4528    27.4470     3.0284     3.0307    7.44805     3.2688     32.688 0.0000e+00
     235762   1451.000     3.1272   3.196218     3.1245   3.195465 -9.990e-29    4.14938    34.4581    34.4507    27.4505    27.4448     3.0210     3.0241    7.44965     3.2688     32.688 0.0000e+00
     235820   1450.000     3.1254   3.195966     3.1223   3.195069 -9.990e-29    4.15847    34.4559    34.4484    27.4488    27.4431     3.0207     3.0173    7.44983     3.2689     32.689 0.0000e+00
     235879   1449.000     3.1273   3.196042     3.1251   3.195180 -9.990e-29    4.16593    34.4554    34.4474    27.4483    27.4421     3.0226     3.0204    7.44952     3.2691     32.691 0.0000e+00
     235893   1448.000     3.1277   3.196019     3.1256   3.195191 -9.990e-29    4.16035    34.4552    34.4474    27.4480    27.4421     3.0231     3.0210    7.44945     3.2691     32.691 0.0000e+00
     235906   1447.000     3.1290   3.196055     3.1262   3.195215 -9.990e-29    4.15823    34.4547    34.4476    27.4476    27.4421     3.0244     3.0217    7.44923     3.2691     32.691 0.0000e+00
     235920   1446.000     3.1297   3.196081     3.1293   3.195416 -9.990e-29    4.16196    34.4548    34.4473    27.4476    27.4416     3.0252     3.0248    7.44910     3.2691     32.691 0.0000e+00
     235936   1445.000     3.1348   3.196403     3.1348   3.195772 -9.990e-29    4.16417    34.4539    34.4462    27.4463    27.4402     3.0303     3.0304    7.44820     3.2691     32.691 0.0000e+00
