Data/sam03_ctd_5.cnv
* Sea-Bird SBE 9 Data File:
* FileName = D:\samoc03\ctddata\005.hex
* Software Version Seasave V 7.20d
* Temperature SN = 2951
* Conductivity SN = 2657
* Number of Bytes Per Scan = 31
* Number of Voltage Words = 2
* Number of Scans Averaged by the Deck Unit = 1
* NMEA Latitude = 34 30.07 S
* NMEA Longitude = 050 29.96 W
* NMEA UTC (Time) = Jul 08 2010  22:29:34
** Ship: Puerto Deseado
** Station: 005
** Operator:
# nquan = 22
# nvalues = 5857                        
# units = specified
# name 0 = prDM: Pressure, Digiquartz [db]
# name 1 = t090C: Temperature [ITS-90, deg C]
# name 2 = c0S/m: Conductivity [S/m]
# name 3 = sal00: Salinity, Practical [PSU]
# name 4 = sigma-é00: Density [sigma-theta, Kg/m^3]
# name 5 = sbeox0ML/L: Oxygen, SBE 43 [ml/l]
# name 6 = flSP: Fluorescence, Seapoint
# name 7 = t190C: Temperature, 2 [ITS-90, deg C]
# name 8 = c1S/m: Conductivity, 2 [S/m]
# name 9 = sal11: Salinity, Practical, 2 [PSU]
# name 10 = sigma-é11: Density, 2 [sigma-theta, Kg/m^3]
# name 11 = dz/dtM: Descent Rate [m/s]
# name 12 = sal00: Salinity, Practical [PSU]
# name 13 = sal11: Salinity, Practical, 2 [PSU]
# name 14 = sigma-é00: Density [sigma-theta, Kg/m^3]
# name 15 = sigma-é11: Density, 2 [sigma-theta, Kg/m^3]
# name 16 = potemp090C: Potential Temperature [ITS-90, deg C]
# name 17 = potemp190C: Potential Temperature, 2 [ITS-90, deg C]
# name 18 = oxsatML/L: Oxygen Saturation, Weiss [ml/l]
# name 19 = dm: Dynamic Meters [10 J/Kg]
# name 20 = gpa: Geopotential Anomaly [J/Kg]
# name 21 = flag: flag
# span 0 =      1.000,   2934.000       
# span 1 =     1.9644,    19.8965       
# span 2 =   3.179203,   4.972711       
# span 3 =    29.9192,    36.5136       
# span 4 =    21.0333,    27.8460       
# span 5 =    3.98076,    6.48774       
# span 6 = -1.615e-03, 1.1329e+00       
# span 7 =     1.9611,    19.8943       
# span 8 =   3.178366,   4.971465       
# span 9 =    29.7156,    36.5057       
# span 10 =    20.8789,    27.8399      
# span 11 =    -40.514,    115.770      
# span 12 =    29.9400,    36.5137      
# span 13 =    29.7162,    36.5058      
# span 14 =    21.0492,    27.8452      
# span 15 =    20.8794,    27.8402      
# span 16 =     1.7432,    19.8644      
# span 17 =     1.7399,    19.8626      
# span 18 =    5.12896,    7.65375      
# span 19 =     0.0004,     4.4566      
# span 20 =      0.004,     44.566      
# span 21 = 0.0000e+00, 0.0000e+00      
# interval = decibars: 1                
# start_time = Jul 08 2010 22:29:34
# bad_flag = -9.990e-29
*END*
[from data line 5334]
    523.000    12.2082   4.055088    35.1126    26.6500    4.48261 2.3445e-03    12.2563   4.060886    35.1155    26.6380     -0.778    35.1158    35.1192    26.6526    26.6459    12.1382    12.1861    6.02027     4.1805     41.805 0.0000e+00
    522.000    12.3093   4.066354    35.1256    26.6406    4.47933 1.2023e-03    12.3345   4.068380    35.1210    26.6318     -0.721    35.1307    35.1262    26.6446    26.6362    12.2391    12.2642    6.00688     4.1805     41.805 0.0000e+00
    521.000    12.3781   4.074094    35.1363    26.6356    4.48162 5.8776e-03    12.3986   4.075443    35.1302    26.6269     -0.419    35.1417    35.1356    26.6398    26.6311    12.3078    12.3281    5.99777     4.1805     41.805 0.0000e+00
    520.000    12.4017   4.076665    35.1399    26.6337    4.47390 1.4010e-03    12.4259   4.078622    35.1359    26.6260     -0.696    35.1449    35.1412    26.6377    26.6300    12.3313    12.3555    5.99468     4.1805     41.805 0.0000e+00
    519.000    12.4281   4.079632    35.1441    26.6319    4.47747 -9.990e-29    12.4740   4.083352    35.1374    26.6178     -0.861    35.1492    35.1423    26.6359    26.6216    12.3579    12.4035    5.99118     4.1805     41.805 0.0000e+00
    518.000    12.4508   4.081717    35.1437    26.6271    4.47245 -9.990e-29    12.5022   4.086462    35.1412    26.6152     -0.987    35.1487    35.1464    26.6310    26.6192    12.3806    12.4318    5.98835     4.1805     41.805 0.0000e+00
    517.000    12.4989   4.086637    35.1457    26.6193    4.46532 -9.990e-29    12.5345   4.090190    35.1468    26.6132     -1.165    35.1515    35.1526    26.6238    26.6177    12.4287    12.4641    5.98218     4.1805     41.805 0.0000e+00
    516.000    12.5425   4.091580    35.1525    26.6160    4.45945 -9.990e-29    12.5614   4.093207    35.1505    26.6108     -1.340    35.1589    35.1569    26.6210    26.6157    12.4722    12.4911    5.97644     4.1805     41.805 0.0000e+00
    515.000    12.5695   4.094719    35.1580    26.6150    4.45592 1.2377e-03    12.5786   4.095035    35.1525    26.6089     -1.455    35.1644    35.1589    26.6199    26.6139    12.4992    12.5083    5.97286     4.1805     41.805 0.0000e+00
    514.000    12.5766   4.095612    35.1618    26.6165    4.45511 2.8171e-03    12.5767   4.094754    35.1533    26.6099     -0.663    35.1667    35.1583    26.6203    26.6138    12.5065    12.5066    5.97188     4.1806     41.806 0.0000e+00
    513.000    12.5666   4.094467    35.1624    26.6189    4.46232 2.3731e-03    12.5881   4.095588    35.1531    26.6075     -0.470    35.1654    35.1562    26.6213    26.6099    12.4967    12.5181    5.97318     4.1806     41.806 0.0000e+00
    512.000    12.5883   4.096511    35.1622    26.6145    4.47151 7.7807e-04    12.6016   4.096988    35.1544    26.6058     -0.655    35.1653    35.1575    26.6169    26.6082    12.5184    12.5317    5.97047     4.1806     41.806 0.0000e+00
    511.000    12.6142   4.099221    35.1643    26.6110    4.46673 1.6477e-03    12.6206   4.099407    35.1601    26.6065     -0.930    35.1676    35.1635    26.6136    26.6091    12.5444    12.5507    5.96714     4.1806     41.806 0.0000e+00
    510.000    12.6335   4.101480    35.1682    26.6102    4.46606 7.2288e-04    12.6400   4.101781    35.1649    26.6063     -1.202    35.1718    35.1685    26.6130    26.6092    12.5637    12.5702    5.96457     4.1806     41.806 0.0000e+00
    509.000    12.6524   4.103792    35.1730    26.6102    4.46424 1.6752e-03    12.6638   4.104217    35.1664    26.6029     -1.408    35.1768    35.1702    26.6131    26.6058    12.5827    12.5941    5.96202     4.1806     41.806 0.0000e+00
    508.000    12.6706   4.105720    35.1749    26.6080    4.46331 1.2948e-03    12.6743   4.105443    35.1689    26.6026     -1.509    35.1788    35.1726    26.6111    26.6056    12.6009    12.6047    5.95968     4.1806     41.806 0.0000e+00
    507.000    12.6842   4.107309    35.1779    26.6076    4.46152 2.0952e-03    12.6962   4.107757    35.1710    26.6000     -1.444    35.1817    35.1749    26.6106    26.6030    12.6147    12.6266    5.95787     4.1806     41.806 0.0000e+00
    506.000    12.6859   4.107479    35.1798    26.6088    4.46438 2.5427e-03    12.6889   4.106987    35.1723    26.6023     -0.490    35.1822    35.1747    26.6106    26.6042    12.6165    12.6195    5.95764     4.1812     41.812 0.0000e+00
    505.000    12.6965   4.108580    35.1811    26.6077    4.47060 -1.615e-03    12.7041   4.108706    35.1752    26.6016     -0.924    35.1833    35.1774    26.6093    26.6033    12.6272    12.6348    5.95627     4.1814     41.814 0.0000e+00
    504.000    12.7059   4.109662    35.1831    26.6073    4.47746 3.1176e-03    12.7252   4.111112    35.1790    26.6003     -1.408    35.1854    35.1813    26.6091    26.6021    12.6367    12.6559    5.95503     4.1814     41.814 0.0000e+00
    503.000    12.7259   4.111889    35.1859    26.6056    4.48558 -6.238e-04    12.7384   4.112484    35.1801    26.5986     -1.670    35.1885    35.1826    26.6076    26.6005    12.6567    12.6692    5.95242     4.1814     41.814 0.0000e+00
    502.000    12.7438   4.113964    35.1892    26.6045    4.48263 2.8699e-04    12.7632   4.115474    35.1857    26.5980     -1.801    35.1921    35.1885    26.6068    26.6002    12.6747    12.6941    5.95006     4.1814     41.814 0.0000e+00
    501.000    12.7708   4.116917    35.1924    26.6017    4.47524 3.5907e-03    12.7938   4.118821    35.1892    26.5947     -1.846    35.1957    35.1925    26.6042    26.5972    12.7017    12.7247    5.94657     4.1814     41.814 0.0000e+00
    500.000    12.7845   4.118516    35.1953    26.6012    4.47363 3.7605e-03    12.8166   4.121429    35.1932    26.5931     -1.784    35.1987    35.1967    26.6038    26.5959    12.7156    12.7476    5.94476     4.1814     41.814 0.0000e+00
    499.000    12.8062   4.121235    35.2018    26.6019    4.47852 4.7730e-03    12.8266   4.122529    35.1951    26.5927     -1.438    35.2049    35.1984    26.6043    26.5952    12.7373    12.7576    5.94183     4.1820     41.820 0.0000e+00
    498.000    12.7982   4.120032    35.2002    26.6022    4.48049 4.4206e-04    12.8026   4.119540    35.1914    26.5945     -1.380    35.2013    35.1925    26.6030    26.5953    12.7295    12.7339    5.94296     4.1844     41.844 0.0000e+00
    497.000    12.8219   4.122723    35.2043    26.6007    4.47984 3.2845e-03    12.8330   4.123104    35.1975    26.5932     -1.290    35.2054    35.1987    26.6015    26.5941    12.7532    12.7643    5.93987     4.1860     41.860 0.0000e+00
    496.000    12.8809   4.129408    35.2137    26.5961    4.47728 3.0549e-03    12.8905   4.129722    35.2077    26.5896     -1.370    35.2149    35.2090    26.5971    26.5906    12.8122    12.8218    5.93221     4.1910     41.910 0.0000e+00
    495.000    12.9133   4.133168    35.2199    26.5945    4.48367 1.1464e-04    12.9289   4.133800    35.2114    26.5848     -0.707    35.2211    35.2126    26.5955    26.5857    12.8446    12.8602    5.92797     4.1971     41.971 0.0000e+00
    494.000    12.8960   4.131191    35.2182    26.5966    4.48440 -5.131e-04    12.9270   4.133381    35.2103    26.5843     -0.698    35.2187    35.2108    26.5970    26.5847    12.8275    12.8584    5.93020     4.1969     41.969 0.0000e+00
    493.000    12.9108   4.132818    35.2201    26.5951    4.48075 9.0482e-04    12.9182   4.132824    35.2130    26.5881     -0.955    35.2209    35.2141    26.5957    26.5890    12.8424    12.8498    5.92828     4.1969     41.969 0.0000e+00
    492.000    12.9141   4.133208    35.2214    26.5954    4.52349 3.8605e-03    12.9826   4.139591    35.2191    26.5801     -0.204    35.2220    35.2192    26.5959    26.5800    12.8458    12.9142    5.92784     4.1969     41.969 0.0000e+00
    491.000    12.9688   4.139383    35.2285    26.5899    4.53933 2.7034e-03    12.9995   4.142957    35.2339    26.5879     -0.670    35.2305    35.2360    26.5915    26.5897    12.9005    12.9311    5.92077     4.1969     41.969 0.0000e+00
    490.000    13.0522   4.149204    35.2424    26.5846    4.53945 4.0668e-03    13.0986   4.154529    35.2510    26.5814     -1.156    35.2470    35.2546    26.5876    26.5842    12.9837    13.0299    5.90990     4.1969     41.969 0.0000e+00
    489.000    13.1079   4.156421    35.2591    26.5858    4.53633 5.0115e-03    13.1430   4.159689    35.2577    26.5777     -1.523    35.2644    35.2629    26.5899    26.5816    13.0394    13.0743    5.90242     4.1969     41.969 0.0000e+00
    488.000    13.1638   4.162614    35.2656    26.5795    4.53322 3.3016e-03    13.1702   4.162803    35.2614    26.5749     -1.748    35.2718    35.2676    26.5843    26.5798    13.0952    13.1016    5.89530     4.1969     41.969 0.0000e+00
    487.000    13.1620   4.162618    35.2685    26.5820    4.53254 -8.433e-04    13.1942   4.165734    35.2681    26.5752     -1.669    35.2739    35.2736    26.5863    26.5795    13.0936    13.1257    5.89545     4.1969     41.969 0.0000e+00
    486.000    13.1933   4.166163    35.2747    26.5807    4.53141 7.0457e-04    13.2144   4.167468    35.2677    26.5709     -0.391    35.2790    35.2718    26.5838    26.5740    13.1249    13.1459    5.89144     4.1973     41.973 0.0000e+00
    485.000    13.2008   4.166962    35.2765    26.5804    4.54312 3.5393e-03    13.2507   4.171789    35.2760    26.5699     -0.832    35.2800    35.2795    26.5831    26.5727    13.1326    13.1823    5.89047     4.1974     41.974 0.0000e+00
    484.000    13.2217   4.169418    35.2806    26.5794    4.55947 1.1302e-03    13.2635   4.173591    35.2816    26.5716     -1.209    35.2844    35.2852    26.5822    26.5744    13.1535    13.1951    5.88777     4.1974     41.974 0.0000e+00
    483.000    13.2420   4.171919    35.2859    26.5793    4.57615 -1.769e-04    13.2970   4.177665    35.2891    26.5706     -1.293    35.2897    35.2932    26.5822    26.5738    13.1739    13.2287    5.88510     4.1974     41.974 0.0000e+00
    482.000    13.3187   4.180897    35.2985    26.5734    4.58125 3.3152e-03    13.3269   4.181170    35.2937    26.5681     -1.363    35.3040    35.2991    26.5777    26.5722    13.2505    13.2586    5.87523     4.1974     41.974 0.0000e+00
    481.000    13.3413   4.183364    35.3012    26.5708    4.57711 1.4693e-03    13.3617   4.185598    35.3036    26.5686     -1.512    35.3069    35.3092    26.5753    26.5729    13.2731    13.2934    5.87238     4.1974     41.974 0.0000e+00
    480.000    13.3732   4.187279    35.3087    26.5703    4.56984 2.1828e-03    13.4092   4.190972    35.3103    26.5641     -1.696    35.3148    35.3164    26.5749    26.5688    13.3051    13.3409    5.86822     4.1974     41.974 0.0000e+00
    479.000    13.4160   4.192672    35.3197    26.5700    4.55654 2.0480e-04    13.4502   4.195817    35.3178    26.5616     -1.841    35.3265    35.3246    26.5752    26.5668    13.3479    13.3819    5.86261     4.1974     41.974 0.0000e+00
    478.000    13.4407   4.195570    35.3252    26.5691    4.54630 -5.158e-04    13.4669   4.197613    35.3202    26.5599     -1.525    35.3314    35.3265    26.5740    26.5648    13.3726    13.3987    5.85944     4.1977     41.977 0.0000e+00
    477.000    13.4147   4.192218    35.3211    26.5711    4.56795 4.4919e-03    13.4524   4.195540    35.3180    26.5611     -0.946    35.3243    35.3208    26.5737    26.5633    13.3469    13.3844    5.86284     4.1993     41.993 0.0000e+00
    476.000    13.4531   4.196499    35.3257    26.5670    4.56570 2.5447e-03    13.4603   4.196364    35.3175    26.5591     -1.539    35.3296    35.3217    26.5699    26.5623    13.3853    13.3924    5.85801     4.1993     41.993 0.0000e+00
    475.000    13.4623   4.197540    35.3274    26.5664    4.56836 2.7720e-03    13.4509   4.195447    35.3182    26.5616     -1.889    35.3313    35.3221    26.5693    26.5646    13.3946    13.3832    5.85683     4.1993     41.993 0.0000e+00
    474.000    13.4303   4.193888    35.3241    26.5703    4.57247 3.7479e-03    13.4590   4.196347    35.3208    26.5618     -1.874    35.3268    35.3235    26.5724    26.5640    13.3628    13.3914    5.86086     4.1993     41.993 0.0000e+00
    473.000    13.4811   4.200192    35.3359    26.5690    4.57787 1.5993e-03    13.4784   4.198485    35.3225    26.5592     -1.506    35.3397    35.3262    26.5719    26.5621    13.4136    13.4109    5.85425     4.1993     41.993 0.0000e+00
    472.000    13.5026   4.202474    35.3386    26.5666    4.58462 5.3235e-03    13.5062   4.202019    35.3308    26.5592     -0.724    35.3418    35.3342    26.5691    26.5625    13.4351    13.4388    5.85159     4.1993     41.993 0.0000e+00
    471.000    13.5491   4.207947    35.3478    26.5642    4.57271 2.3334e-03    13.5562   4.207615    35.3380    26.5552     -0.307    35.3508    35.3411    26.5666    26.5576    13.4816    13.4888    5.84565     4.1993     41.993 0.0000e+00
    470.000    13.5442   4.207279    35.3468    26.5644    4.57226 3.1812e-03    13.5515   4.206953    35.3371    26.5554     -0.846    35.3495    35.3397    26.5665    26.5574    13.4769    13.4842    5.84629     4.1993     41.993 0.0000e+00
    469.000    13.5498   4.207819    35.3473    26.5636    4.57660 4.7073e-04    13.5511   4.206991    35.3383    26.5563     -1.198    35.3498    35.3408    26.5655    26.5583    13.4826    13.4840    5.84560     4.1993     41.993 0.0000e+00
    468.000    13.5543   4.208396    35.3491    26.5641    4.57724 6.3182e-04    13.5657   4.208675    35.3412    26.5555     -1.327    35.3515    35.3435    26.5659    26.5574    13.4873    13.4987    5.84500     4.1993     41.993 0.0000e+00
    467.000    13.5597   4.209021    35.3508    26.5642    4.58342 3.0643e-03    13.5719   4.209336    35.3419    26.5548     -0.837    35.3528    35.3445    26.5658    26.5568    13.4928    13.5049    5.84430     4.1993     41.993 0.0000e+00
    466.000    13.5677   4.209829    35.3515    26.5631    4.60162 3.4104e-03    13.5859   4.210720    35.3432    26.5529     -0.518    35.3534    35.3450    26.5645    26.5543    13.5010    13.5190    5.84331     4.1993     41.993 0.0000e+00
    465.000    13.6008   4.213360    35.3543    26.5586    4.61059 3.5649e-03    13.6229   4.215117    35.3502    26.5507     -0.886    35.3565    35.3527    26.5601    26.5526    13.5340    13.5560    5.83923     4.1993     41.993 0.0000e+00
    464.000    13.6576   4.220551    35.3681    26.5572    4.60945 4.3379e-04    13.6711   4.220906    35.3593    26.5478     -1.163    35.3720    35.3630    26.5604    26.5506    13.5908    13.6042    5.83184     4.1993     41.993 0.0000e+00
    463.000    13.6847   4.224068    35.3764    26.5581    4.60362 1.1837e-03    13.7227   4.227354    35.3723    26.5471     -1.292    35.3804    35.3763    26.5612    26.5501    13.6180    13.6558    5.82828     4.1993     41.993 0.0000e+00
    462.000    13.6790   4.223383    35.3766    26.5594    4.60309 3.1309e-03    13.7281   4.227957    35.3741    26.5474     -0.997    35.3797    35.3774    26.5618    26.5498    13.6124    13.6614    5.82900     4.1993     41.993 0.0000e+00
    461.000    13.6969   4.225025    35.3762    26.5553    4.61195 1.3607e-03    13.7271   4.227746    35.3738    26.5444     -0.666    35.3791    35.3767    26.5576    26.5495    13.6304    13.6605    5.82688     4.1993     41.993 0.0000e+00
    460.000    13.7692   4.233481    35.3876    26.5492    4.63127 6.3842e-04    13.8168   4.238151    35.3878    26.5394     -0.728    35.3921    35.3920    26.5526    26.5426    13.7026    13.7500    5.81777     4.1993     41.993 0.0000e+00
    459.000    13.8389   4.240393    35.3878    26.5348    4.63567 3.8709e-04    13.8694   4.244511    35.3981    26.5364     -0.738    35.3930    35.4034    26.5388    26.5405    13.7722    13.8027    5.80942     4.1993     41.993 0.0000e+00
