Data/sam03_ctd_6.cnv
* Sea-Bird SBE 9 Data File:
* FileName = D:\samoc03\ctddata\006.hex
* Software Version Seasave V 7.20d
* Temperature SN = 2951
* Conductivity SN = 2657
* Number of Bytes Per Scan = 31
* Number of Voltage Words = 2
* Number of Scans Averaged by the Deck Unit = 1
* NMEA Latitude = 34 30.81 S
* NMEA Longitude = 049 28.54 W
* NMEA UTC (Time) = Jul 09 2010  14:25:00
** Ship: Puerto Deseado
** Station: 006
** Operator: AnaP
# nquan = 18
# nvalues = 7152                        
# units = specified
# name 0 = scan: Scan Count
# name 1 = prDM: Pressure, Digiquartz [db]
# name 2 = t090C: Temperature [ITS-90, deg C]
# name 3 = c0S/m: Conductivity [S/m]
# name 4 = t190C: Temperature, 2 [ITS-90, deg C]
# name 5 = c1S/m: Conductivity, 2 [S/m]
# name 6 = flSP: Fluorescence, Seapoint
# name 7 = sbeox0ML/L: Oxygen, SBE 43 [ml/l]
# name 8 = sal00: Salinity, Practical [PSU]
# name 9 = sal11: Salinity, Practical, 2 [PSU]
# name 10 = sigma-é00: Density [sigma-theta, Kg/m^3]
# name 11 = sigma-é11: Density, 2 [sigma-theta, Kg/m^3]
# name 12 = potemp090C: Potential Temperature [ITS-90, deg C]
# name 13 = potemp190C: Potential Temperature, 2 [ITS-90, deg C]
# name 14 = oxsatML/L: Oxygen Saturation, Weiss [ml/l]
# name 15 = dm: Dynamic Meters [10 J/Kg]
# name 16 = gpa: Geopotential Anomaly [J/Kg]
# name 17 = flag: flag
# span 0 =       5178,     308697       
# span 1 =      1.000,   3578.000       
# span 2 =     0.6857,    19.0128       
# span 3 =   3.084907,   4.840433       
# span 4 =     0.6830,    19.0114       
# span 5 =   3.084153,   4.839380       
# span 6 = -1.661e-03, 3.9042e-01       
# span 7 =    1.33203,    6.66877       
# span 8 =    34.2127,    36.2077       
# span 9 =    34.2039,    36.2022       
# span 10 =    25.9094,    27.8437      
# span 11 =    25.9380,    27.8385      
# span 12 =     0.4328,    19.0110      
# span 13 =     0.4302,    19.0096      
# span 14 =    5.22341,    7.91698      
# span 15 =     0.0005,     3.6906      
# span 16 =      0.005,     36.906      
# span 17 = 0.0000e+00, 0.0000e+00      
# interval = decibars: 1                
# start_time = Jul 09 2010 14:25:00
# bad_flag = -9.990e-29
*END*
[from data line 5789]
     239519   1363.000     3.3273   3.207057     3.3262   3.206310 -9.990e-29    4.24283    34.4202    34.4125    27.4012    27.3951     3.2277     3.2266    7.41415     3.2772     32.772 0.0000e+00
     239554   1362.000     3.3292   3.207053     3.3275   3.206269 -9.990e-29    4.25584    34.4187    34.4111    27.3998    27.3939     3.2297     3.2280    7.41387     3.2772     32.772 0.0000e+00
     239577   1361.000     3.3305   3.207047     3.3283   3.206214 -9.990e-29    4.25649    34.4178    34.4101    27.3990    27.3930     3.2310     3.2289    7.41369     3.2772     32.772 0.0000e+00
     239598   1360.000     3.3311   3.206995     3.3293   3.206153 -9.990e-29    4.25973    34.4170    34.4089    27.3982    27.3920     3.2317     3.2299    7.41360     3.2772     32.772 0.0000e+00
     239619   1359.000     3.3322   3.206939     3.3300   3.206103 -9.990e-29    4.25979    34.4157    34.4081    27.3971    27.3912     3.2329     3.2307    7.41347     3.2772     32.772 0.0000e+00
     239645   1358.000     3.3326   3.206863     3.3304   3.206015 -9.990e-29    4.26559    34.4149    34.4071    27.3964    27.3904     3.2334     3.2312    7.41344     3.2772     32.772 0.0000e+00
     239730   1357.000     3.3341   3.206805     3.3310   3.205945 -9.990e-29    4.26778    34.4131    34.4061    27.3948    27.3895     3.2350     3.2319    7.41324     3.2774     32.774 0.0000e+00
     239745   1356.000     3.3337   3.206765     3.3309   3.205910 -9.990e-29    4.26889    34.4136    34.4063    27.3952    27.3897     3.2346     3.2318    7.41330     3.2774     32.774 0.0000e+00
     239756   1355.000     3.3339   3.206724     3.3313   3.205882 -9.990e-29    4.26812    34.4134    34.4060    27.3950    27.3894     3.2349     3.2323    7.41327     3.2774     32.774 0.0000e+00
     239766   1354.000     3.3340   3.206684     3.3311   3.205850 -9.990e-29    4.26706    34.4132    34.4063    27.3949    27.3897     3.2351     3.2323    7.41325     3.2774     32.774 0.0000e+00
     239776   1353.000     3.3340   3.206645     3.3310   3.205785 -9.990e-29    4.26607    34.4133    34.4062    27.3949    27.3896     3.2352     3.2322    7.41325     3.2774     32.774 0.0000e+00
     239788   1352.000     3.3336   3.206532     3.3304   3.205637 -9.990e-29    4.26462    34.4129    34.4056    27.3947    27.3891     3.2348     3.2317    7.41336     3.2774     32.774 0.0000e+00
     239815   1351.000     3.3328   3.206354     3.3297   3.205471 -9.990e-29    4.27132    34.4121    34.4048    27.3941    27.3886     3.2341     3.2311    7.41354     3.2775     32.775 0.0000e+00
     239916   1350.000     3.3323   3.206177     3.3291   3.205239 -9.990e-29    4.27773    34.4110    34.4032    27.3932    27.3873     3.2338     3.2305    7.41368     3.2779     32.779 0.0000e+00
     239928   1349.000     3.3321   3.206113     3.3286   3.205091 -9.990e-29    4.27169    34.4109    34.4024    27.3932    27.3867     3.2337     3.2302    7.41372     3.2779     32.779 0.0000e+00
     239941   1348.000     3.3317   3.205987     3.3282   3.204979 -9.990e-29    4.27604    34.4103    34.4020    27.3928    27.3865     3.2333     3.2298    7.41383     3.2779     32.779 0.0000e+00
     239954   1347.000     3.3311   3.205783     3.3276   3.204834 -9.990e-29    4.28220    34.4091    34.4014    27.3918    27.3861     3.2328     3.2293    7.41401     3.2779     32.779 0.0000e+00
     239968   1346.000     3.3307   3.205657     3.3274   3.204684 -9.990e-29    4.28561    34.4085    34.4003    27.3914    27.3851     3.2325     3.2292    7.41411     3.2779     32.779 0.0000e+00
     239984   1345.000     3.3304   3.205517     3.3272   3.204576 -9.990e-29    4.28272    34.4076    34.3997    27.3907    27.3847     3.2323     3.2291    7.41420     3.2779     32.779 0.0000e+00
     240010   1344.000     3.3308   3.205309     3.3275   3.204433 -9.990e-29    4.28779    34.4052    34.3982    27.3887    27.3835     3.2328     3.2295    7.41425     3.2779     32.779 0.0000e+00
     240088   1343.000     3.3307   3.204955     3.3275   3.204030 -9.990e-29    4.30223    34.4016    34.3939    27.3859    27.3800     3.2327     3.2296    7.41445     3.2779     32.779 0.0000e+00
     240133   1342.000     3.3304   3.204872     3.3271   3.203953 -9.990e-29    4.30452    34.4014    34.3938    27.3857    27.3800     3.2325     3.2293    7.41451     3.2779     32.779 0.0000e+00
     240156   1341.000     3.3299   3.204729     3.3268   3.203854 -9.990e-29    4.29949    34.4007    34.3935    27.3852    27.3797     3.2322     3.2291    7.41463     3.2779     32.779 0.0000e+00
     240174   1340.000     3.3300   3.204670     3.3271   3.203800 -9.990e-29    4.30745    34.4004    34.3931    27.3850    27.3794     3.2323     3.2294    7.41464     3.2779     32.779 0.0000e+00
     240191   1339.000     3.3304   3.204639     3.3276   3.203758 -9.990e-29    4.30387    34.4001    34.3925    27.3847    27.3788     3.2328     3.2301    7.41458     3.2779     32.779 0.0000e+00
     240208   1338.000     3.3317   3.204662     3.3282   3.203777 -9.990e-29    4.29898    34.3995    34.3926    27.3841    27.3789     3.2342     3.2307    7.41436     3.2779     32.779 0.0000e+00
     240226   1337.000     3.3322   3.204620     3.3292   3.203757 -9.990e-29    4.30656    34.3990    34.3918    27.3836    27.3781     3.2347     3.2318    7.41430     3.2779     32.779 0.0000e+00
     240249   1336.000     3.3322   3.204501     3.3294   3.203664 -9.990e-29    4.30870    34.3980    34.3910    27.3828    27.3774     3.2348     3.2321    7.41434     3.2779     32.779 0.0000e+00
     240280   1335.000     3.3321   3.204383     3.3293   3.203522 -9.990e-29    4.31046    34.3972    34.3899    27.3822    27.3766     3.2348     3.2321    7.41440     3.2779     32.779 0.0000e+00
     240334   1334.000     3.3325   3.204258     3.3296   3.203378 -9.990e-29    4.31761    34.3958    34.3884    27.3810    27.3754     3.2353     3.2324    7.41439     3.2779     32.779 0.0000e+00
     240409   1333.000     3.3328   3.204161     3.3298   3.203306 -9.990e-29    4.31896    34.3948    34.3878    27.3802    27.3748     3.2357     3.2327    7.41438     3.2779     32.779 0.0000e+00
     240424   1332.000     3.3327   3.204124     3.3295   3.203246 -9.990e-29    4.31694    34.3950    34.3879    27.3803    27.3749     3.2357     3.2325    7.41440     3.2779     32.779 0.0000e+00
     240439   1331.000     3.3326   3.204061     3.3295   3.203185 -9.990e-29    4.32763    34.3949    34.3877    27.3802    27.3748     3.2356     3.2326    7.41443     3.2779     32.779 0.0000e+00
     240452   1330.000     3.3329   3.204013     3.3301   3.203165 -9.990e-29    4.32967    34.3945    34.3873    27.3799    27.3744     3.2360     3.2333    7.41439     3.2779     32.779 0.0000e+00
     240466   1329.000     3.3344   3.204044     3.3314   3.203174 -9.990e-29    4.32687    34.3939    34.3866    27.3792    27.3737     3.2376     3.2346    7.41415     3.2779     32.779 0.0000e+00
     240482   1328.000     3.3346   3.204019     3.3324   3.203198 -9.990e-29    4.32834    34.3938    34.3863    27.3791    27.3733     3.2379     3.2357    7.41411     3.2779     32.779 0.0000e+00
     240507   1327.000     3.3367   3.204105     3.3337   3.203253 -9.990e-29    4.32416    34.3931    34.3861    27.3784    27.3731     3.2401     3.2371    7.41375     3.2779     32.779 0.0000e+00
     240560   1326.000     3.3392   3.204224     3.3369   3.203409 -9.990e-29    4.32468    34.3924    34.3851    27.3776    27.3720     3.2426     3.2403    7.41333     3.2779     32.779 0.0000e+00
     240626   1325.000     3.3402   3.204216     3.3374   3.203360 -9.990e-29    4.33011    34.3918    34.3845    27.3770    27.3714     3.2437     3.2410    7.41317     3.2779     32.779 0.0000e+00
     240650   1324.000     3.3398   3.204134     3.3367   3.203254 -9.990e-29    4.33565    34.3918    34.3845    27.3770    27.3715     3.2433     3.2403    7.41326     3.2779     32.779 0.0000e+00
     240667   1323.000     3.3391   3.204019     3.3360   3.203135 -9.990e-29    4.33316    34.3916    34.3843    27.3769    27.3714     3.2428     3.2397    7.41339     3.2779     32.779 0.0000e+00
     240684   1322.000     3.3382   3.203850     3.3350   3.202953 -9.990e-29    4.32929    34.3910    34.3836    27.3765    27.3709     3.2420     3.2388    7.41358     3.2779     32.779 0.0000e+00
     240701   1321.000     3.3375   3.203697     3.3343   3.202819 -9.990e-29    4.33621    34.3904    34.3833    27.3761    27.3708     3.2414     3.2382    7.41374     3.2779     32.779 0.0000e+00
     240725   1320.000     3.3374   3.203543     3.3338   3.202682 -9.990e-29    4.34029    34.3892    34.3826    27.3752    27.3703     3.2413     3.2378    7.41382     3.2779     32.779 0.0000e+00
     240768   1319.000     3.3397   3.203490     3.3380   3.202683 -9.990e-29    4.34641    34.3867    34.3788    27.3729    27.3668     3.2437     3.2420    7.41352     3.2779     32.779 0.0000e+00
     240795   1318.000     3.3413   3.203569     3.3386   3.202707 -9.990e-29    4.34447    34.3864    34.3789    27.3725    27.3668     3.2454     3.2427    7.41323     3.2779     32.779 0.0000e+00
     240815   1317.000     3.3431   3.203631     3.3405   3.202798 -9.990e-29    4.35088    34.3858    34.3785    27.3719    27.3663     3.2472     3.2447    7.41294     3.2779     32.779 0.0000e+00
     240843   1316.000     3.3454   3.203732     3.3423   3.202864 -9.990e-29    4.35356    34.3850    34.3780    27.3711    27.3657     3.2496     3.2465    7.41254     3.2779     32.779 0.0000e+00
     240889   1315.000     3.3475   3.203777     3.3453   3.202936 -9.990e-29    4.34796    34.3839    34.3762    27.3700    27.3640     3.2517     3.2496    7.41222     3.2779     32.779 0.0000e+00
     240913   1314.000     3.3473   3.203701     3.3446   3.202862 -9.990e-29    4.35521    34.3837    34.3766    27.3699    27.3644     3.2516     3.2489    7.41227     3.2779     32.779 0.0000e+00
     240931   1313.000     3.3472   3.203621     3.3444   3.202748 -9.990e-29    4.35684    34.3834    34.3759    27.3695    27.3639     3.2516     3.2488    7.41230     3.2779     32.779 0.0000e+00
     240951   1312.000     3.3475   3.203551     3.3442   3.202661 -9.990e-29    4.35856    34.3828    34.3755    27.3690    27.3635     3.2520     3.2488    7.41228     3.2779     32.779 0.0000e+00
     240985   1311.000     3.3496   3.203604     3.3475   3.202820 -9.990e-29    4.36107    34.3817    34.3745    27.3679    27.3624     3.2542     3.2521    7.41194     3.2779     32.779 0.0000e+00
     241036   1310.000     3.3539   3.203851     3.3531   3.203188 -9.990e-29    4.36462    34.3806    34.3735    27.3667    27.3611     3.2585     3.2577    7.41120     3.2779     32.779 0.0000e+00
     241061   1309.000     3.3554   3.203952     3.3522   3.203075 -9.990e-29    4.36949    34.3807    34.3736    27.3666    27.3613     3.2601     3.2569    7.41091     3.2779     32.779 0.0000e+00
     241080   1308.000     3.3560   3.203968     3.3534   3.203157 -9.990e-29    4.36232    34.3808    34.3738    27.3666    27.3613     3.2607     3.2582    7.41080     3.2779     32.779 0.0000e+00
     241098   1307.000     3.3563   3.203955     3.3541   3.203162 -9.990e-29    4.36133    34.3808    34.3737    27.3666    27.3611     3.2611     3.2589    7.41074     3.2779     32.779 0.0000e+00
     241120   1306.000     3.3571   3.203976     3.3544   3.203134 -9.990e-29    4.37082    34.3808    34.3736    27.3665    27.3610     3.2620     3.2593    7.41060     3.2779     32.779 0.0000e+00
     241157   1305.000     3.3589   3.204073     3.3570   3.203314 -9.990e-29    4.36874    34.3805    34.3735    27.3661    27.3607     3.2639     3.2620    7.41028     3.2779     32.779 0.0000e+00
     241201   1304.000     3.3621   3.204279     3.3618   3.203659 -9.990e-29    4.36533    34.3802    34.3731    27.3655    27.3599     3.2671     3.2668    7.40971     3.2779     32.779 0.0000e+00
     241222   1303.000     3.3731   3.205254     3.3691   3.204347 -9.990e-29    4.35829    34.3808    34.3742    27.3650    27.3601     3.2781     3.2741    7.40765     3.2779     32.779 0.0000e+00
     241239   1302.000     3.3819   3.206058     3.3833   3.205629 -9.990e-29    4.35661    34.3816    34.3750    27.3648    27.3594     3.2869     3.2883    7.40598     3.2779     32.779 0.0000e+00
     241257   1301.000     3.3866   3.206485     3.3874   3.205939 -9.990e-29    4.35956    34.3823    34.3749    27.3649    27.3589     3.2916     3.2924    7.40508     3.2779     32.779 0.0000e+00
     241280   1300.000     3.3939   3.207092     3.3886   3.206071 -9.990e-29    4.35711    34.3825    34.3758    27.3643    27.3595     3.2989     3.2937    7.40374     3.2779     32.779 0.0000e+00
     241325   1299.000     3.4003   3.207551     3.3989   3.206821 -9.990e-29    4.36313    34.3817    34.3745    27.3631    27.3575     3.3053     3.3040    7.40259     3.2779     32.779 0.0000e+00
     241384   1298.000     3.4036   3.207737     3.4026   3.207016 -9.990e-29    4.36122    34.3810    34.3734    27.3622    27.3563     3.3087     3.3077    7.40202     3.2779     32.779 0.0000e+00
     241406   1297.000     3.4052   3.207830     3.4024   3.206992 -9.990e-29    4.36937    34.3809    34.3738    27.3620    27.3566     3.3104     3.3076    7.40172     3.2779     32.779 0.0000e+00
     241424   1296.000     3.4066   3.207892     3.4042   3.207085 -9.990e-29    4.37166    34.3807    34.3736    27.3617    27.3563     3.3118     3.3095    7.40148     3.2779     32.779 0.0000e+00
     241440   1295.000     3.4075   3.207882     3.4057   3.207120 -9.990e-29    4.36557    34.3802    34.3729    27.3612    27.3556     3.3128     3.3110    7.40135     3.2779     32.779 0.0000e+00
     241456   1294.000     3.4096   3.207951     3.4069   3.207129 -9.990e-29    4.36542    34.3793    34.3722    27.3603    27.3549     3.3149     3.3123    7.40100     3.2779     32.779 0.0000e+00
     241472   1293.000     3.4110   3.208010     3.4092   3.207230 -9.990e-29    4.36789    34.3790    34.3716    27.3599    27.3542     3.3164     3.3147    7.40075     3.2779     32.779 0.0000e+00
     241518   1292.000     3.4173   3.208452     3.4131   3.207534 -9.990e-29    4.37465    34.3782    34.3716    27.3587    27.3538     3.3228     3.3186    7.39963     3.2780     32.780 0.0000e+00
     241575   1291.000     3.4194   3.208579     3.4174   3.207800 -9.990e-29    4.37272    34.3780    34.3708    27.3583    27.3527     3.3250     3.3230    7.39925     3.2781     32.781 0.0000e+00
     241588   1290.000     3.4197   3.208550     3.4181   3.207823 -9.990e-29    4.37210    34.3779    34.3708    27.3582    27.3527     3.3253     3.3237    7.39921     3.2781     32.781 0.0000e+00
     241603   1289.000     3.4212   3.208624     3.4186   3.207815 -9.990e-29    4.37126    34.3776    34.3707    27.3578    27.3526     3.3269     3.3243    7.39894     3.2781     32.781 0.0000e+00
     241620   1288.000     3.4225   3.208648     3.4195   3.207808 -9.990e-29    4.37794    34.3771    34.3702    27.3573    27.3521     3.3282     3.3253    7.39873     3.2781     32.781 0.0000e+00
     241657   1287.000     3.4229   3.208508     3.4200   3.207633 -9.990e-29    4.38329    34.3755    34.3681    27.3559    27.3504     3.3287     3.3285    7.39873     3.2781     32.781 0.0000e+00
     241703   1286.000     3.4225   3.208282     3.4197   3.207379 -9.990e-29    4.38857    34.3737    34.3659    27.3546    27.3486     3.3284     3.3255    7.39890     3.2781     32.781 0.0000e+00
     241727   1285.000     3.4226   3.208195     3.4195   3.207279 -9.990e-29    4.39181    34.3730    34.3654    27.3540    27.3482     3.3286     3.3255    7.39890     3.2781     32.781 0.0000e+00
     241751   1284.000     3.4221   3.207924     3.4190   3.207020 -9.990e-29    4.40648    34.3708    34.3633    27.3523    27.3466     3.3282     3.3252    7.39911     3.2781     32.781 0.0000e+00
