Data/sam03_ctd_6.cnv
* Sea-Bird SBE 9 Data File:
* FileName = D:\samoc03\ctddata\006.hex
* Software Version Seasave V 7.20d
* Temperature SN = 2951
* Conductivity SN = 2657
* Number of Bytes Per Scan = 31
* Number of Voltage Words = 2
* Number of Scans Averaged by the Deck Unit = 1
* NMEA Latitude = 34 30.81 S
* NMEA Longitude = 049 28.54 W
* NMEA UTC (Time) = Jul 09 2010  14:25:00
** Ship: Puerto Deseado
** Station: 006
** Operator: AnaP
# nquan = 18
# nvalues = 7152                        
# units = specified
# name 0 = scan: Scan Count
# name 1 = prDM: Pressure, Digiquartz [db]
# name 2 = t090C: Temperature [ITS-90, deg C]
# name 3 = c0S/m: Conductivity [S/m]
# name 4 = t190C: Temperature, 2 [ITS-90, deg C]
# name 5 = c1S/m: Conductivity, 2 [S/m]
# name 6 = flSP: Fluorescence, Seapoint
# name 7 = sbeox0ML/L: Oxygen, SBE 43 [ml/l]
# name 8 = sal00: Salinity, Practical [PSU]
# name 9 = sal11: Salinity, Practical, 2 [PSU]
# name 10 = sigma-é00: Density [sigma-theta, Kg/m^3]
# name 11 = sigma-é11: Density, 2 [sigma-theta, Kg/m^3]
# name 12 = potemp090C: Potential Temperature [ITS-90, deg C]
# name 13 = potemp190C: Potential Temperature, 2 [ITS-90, deg C]
# name 14 = oxsatML/L: Oxygen Saturation, Weiss [ml/l]
# name 15 = dm: Dynamic Meters [10 J/Kg]
# name 16 = gpa: Geopotential Anomaly [J/Kg]
# name 17 = flag: flag
# span 0 =       5178,     308697       
# span 1 =      1.000,   3578.000       
# span 2 =     0.6857,    19.0128       
# span 3 =   3.084907,   4.840433       
# span 4 =     0.6830,    19.0114       
# span 5 =   3.084153,   4.839380       
# span 6 = -1.661e-03, 3.9042e-01       
# span 7 =    1.33203,    6.66877       
# span 8 =    34.2127,    36.2077       
# span 9 =    34.2039,    36.2022       
# span 10 =    25.9094,    27.8437      
# span 11 =    25.9380,    27.8385      
# span 12 =     0.4328,    19.0110      
# span 13 =     0.4302,    19.0096      
# span 14 =    5.22341,    7.91698      
# span 15 =     0.0005,     3.6906      
# span 16 =      0.005,     36.906      
# span 17 = 0.0000e+00, 0.0000e+00      
# interval = decibars: 1                
# start_time = Jul 09 2010 14:25:00
# bad_flag = -9.990e-29
*END*
[from data line 483]
      32985    487.000    12.3676   4.073062    12.3661   4.071917 4.5220e-03    4.54380    35.1559    35.1462    26.6519    26.6447    12.3020    12.3005    5.99856     1.0598     10.598 0.0000e+00
      33017    488.000    12.3453   4.070582    12.3452   4.069544 3.3973e-03    4.55745    35.1523    35.1424    26.6535    26.6458    12.2796    12.2795    6.00152     1.0614     10.614 0.0000e+00
      33120    489.000    12.3604   4.072339    12.3411   4.068992 5.2494e-03    4.52508    35.1548    35.1405    26.6525    26.6451    12.2945    12.2753    5.99952     1.0634     10.634 0.0000e+00
      33133    490.000    12.2791   4.062957    12.2785   4.061825 1.2644e-03    4.51934    35.1397    35.1293    26.6565    26.6485    12.2134    12.2128    6.01037     1.0649     10.649 0.0000e+00
      33149    491.000    12.2094   4.054835    12.2102   4.053760 5.7805e-05    4.51215    35.1258    35.1147    26.6592    26.6505    12.1438    12.1445    6.01974     1.0664     10.664 0.0000e+00
      33164    492.000    12.1805   4.051799    12.1789   4.050734 5.7838e-03    4.51075    35.1230    35.1143    26.6627    26.6561    12.1148    12.1132    6.02352     1.0679     10.679 0.0000e+00
      33179    493.000    12.1667   4.050314    12.1650   4.049324 4.1094e-03    4.52021    35.1211    35.1131    26.6638    26.6579    12.1010    12.0993    6.02535     1.0694     10.694 0.0000e+00
      33194    494.000    12.1565   4.049074    12.1549   4.047999 7.3675e-03    4.53471    35.1183    35.1093    26.6636    26.6569    12.0906    12.0891    6.02676     1.0709     10.709 0.0000e+00
      33218    495.000    12.1247   4.045406    12.1254   4.044536 1.8888e-03    4.54161    35.1120    35.1029    26.6649    26.6576    12.0588    12.0596    6.03105     1.0725     10.725 0.0000e+00
      33293    496.000    12.1223   4.044970    12.1352   4.045134 3.7756e-03    4.49802    35.1096    35.0991    26.6635    26.6528    12.0563    12.0692    6.03145     1.0746     10.746 0.0000e+00
      33317    497.000    12.0327   4.034838    12.0412   4.034760 4.5337e-03    4.49997    35.0947    35.0860    26.6690    26.6606    11.9669    11.9753    6.04346     1.0761     10.761 0.0000e+00
      33337    498.000    11.9634   4.026993    11.9637   4.025962 4.2014e-03    4.49279    35.0829    35.0726    26.6730    26.6650    11.8977    11.8980    6.05278     1.0776     10.776 0.0000e+00
      33355    499.000    11.9342   4.023698    11.9303   4.022323 7.7800e-03    4.47885    35.0777    35.0680    26.6746    26.6678    11.8685    11.8646    6.05673     1.0791     10.791 0.0000e+00
      33373    500.000    11.9173   4.021835    11.9141   4.020724 4.8673e-03    4.46328    35.0750    35.0672    26.6757    26.6703    11.8515    11.8483    6.05901     1.0806     10.806 0.0000e+00
      33394    501.000    11.8911   4.018748    11.8927   4.017982 3.0544e-03    4.44993    35.0690    35.0600    26.6760    26.6688    11.8253    11.8269    6.06260     1.0821     10.821 0.0000e+00
      33420    502.000    11.8467   4.013880    11.8454   4.012875 4.9972e-03    4.44721    35.0628    35.0542    26.6797    26.6732    11.7809    11.7796    6.06857     1.0836     10.836 0.0000e+00
      33447    503.000    11.8238   4.011301    11.8204   4.010096 1.6088e-03    4.45114    35.0587    35.0501    26.6808    26.6747    11.7580    11.7546    6.07167     1.0850     10.850 0.0000e+00
      33509    504.000    11.8142   4.010232    11.8121   4.009191 3.0106e-03    4.43905    35.0569    35.0487    26.6812    26.6752    11.7482    11.7461    6.07299     1.0865     10.865 0.0000e+00
      33545    505.000    11.7823   4.006600    11.7809   4.005573 3.9055e-04    4.43878    35.0508    35.0421    26.6825    26.6760    11.7163    11.7149    6.07733     1.0880     10.880 0.0000e+00
      33566    506.000    11.7604   4.004051    11.7580   4.002919 5.9038e-03    4.43759    35.0461    35.0373    26.6830    26.6766    11.6944    11.6920    6.08035     1.0895     10.895 0.0000e+00
      33583    507.000    11.7315   4.000789    11.7310   3.999844 -2.062e-04    4.43716    35.0409    35.0321    26.6844    26.6777    11.6654    11.6649    6.08429     1.0910     10.910 0.0000e+00
      33601    508.000    11.7247   4.000113    11.7217   3.999010 -2.233e-04    4.44117    35.0402    35.0323    26.6852    26.6796    11.6586    11.6555    6.08520     1.0925     10.925 0.0000e+00
      33620    509.000    11.7165   3.999153    11.7148   3.998154 1.4388e-03    4.44258    35.0381    35.0300    26.6851    26.6791    11.6503    11.6485    6.08634     1.0939     10.939 0.0000e+00
      33644    510.000    11.6864   3.995855    11.6849   3.994853 2.9607e-03    4.44542    35.0337    35.0253    26.6873    26.6810    11.6201    11.6186    6.09042     1.0954     10.954 0.0000e+00
      33689    511.000    11.6813   3.995413    11.6792   3.994426 2.6153e-03    4.44324    35.0338    35.0260    26.6883    26.6827    11.6149    11.6129    6.09108     1.0969     10.969 0.0000e+00
      33731    512.000    11.6703   3.994228    11.6690   3.993291 1.7460e-03    4.43605    35.0321    35.0241    26.6891    26.6831    11.6037    11.6025    6.09258     1.0984     10.984 0.0000e+00
      33753    513.000    11.6636   3.993562    11.6620   3.992619 3.1958e-03    4.44283    35.0314    35.0237    26.6899    26.6842    11.5970    11.5954    6.09347     1.0998     10.998 0.0000e+00
      33770    514.000    11.6621   3.993479    11.6602   3.992538 1.9960e-03    4.43856    35.0315    35.0241    26.6903    26.6849    11.5954    11.5935    6.09365     1.1013     11.013 0.0000e+00
      33787    515.000    11.6613   3.993423    11.6596   3.992442 2.0112e-03    4.43842    35.0313    35.0233    26.6903    26.6844    11.5945    11.5927    6.09377     1.1028     11.028 0.0000e+00
      33813    516.000    11.6544   3.992767    11.6524   3.991795 1.9170e-03    4.44346    35.0310    35.0233    26.6914    26.6857    11.5874    11.5855    6.09468     1.1043     11.043 0.0000e+00
      33873    517.000    11.6529   3.992687    11.6516   3.991753 1.4405e-03    4.43420    35.0311    35.0232    26.6918    26.6859    11.5858    11.5845    6.09487     1.1058     11.058 0.0000e+00
      33890    518.000    11.6367   3.990745    11.6377   3.989900 5.3091e-03    4.43325    35.0269    35.0177    26.6915    26.6842    11.5695    11.5705    6.09714     1.1073     11.073 0.0000e+00
      33906    519.000    11.5876   3.985357    11.5876   3.984405 5.2881e-03    4.43788    35.0198    35.0104    26.6952    26.6879    11.5205    11.5205    6.10381     1.1087     11.087 0.0000e+00
      33921    520.000    11.5548   3.981698    11.5551   3.980708 2.5175e-03    4.44509    35.0143    35.0044    26.6970    26.6892    11.4877    11.4880    6.10829     1.1102     11.102 0.0000e+00
      33936    521.000    11.5074   3.976490    11.5076   3.975413 8.5595e-04    4.45823    35.0073    34.9966    26.7004    26.6920    11.4403    11.4405    6.11475     1.1117     11.117 0.0000e+00
      33951    522.000    11.4709   3.972609    11.4706   3.971616 5.4390e-03    4.47738    35.0031    34.9936    26.7039    26.6965    11.4038    11.4036    6.11969     1.1131     11.131 0.0000e+00
      33979    523.000    11.4267   3.967796    11.4251   3.966771 7.4214e-03    4.48048    34.9969    34.9884    26.7072    26.7009    11.3597    11.3581    6.12572     1.1146     11.146 0.0000e+00
      34011    524.000    11.4182   3.966915    11.4155   3.965819 5.0042e-03    4.47180    34.9958    34.9876    26.7080    26.7020    11.3511    11.3484    6.12688     1.1161     11.161 0.0000e+00
      34031    525.000    11.4111   3.966116    11.4082   3.964921 5.2040e-03    4.46406    34.9942    34.9851    26.7081    26.7015    11.3439    11.3410    6.12787     1.1175     11.175 0.0000e+00
      34048    526.000    11.3531   3.959600    11.3532   3.958507 2.7661e-03    4.46637    34.9843    34.9734    26.7110    26.7025    11.2859    11.2861    6.13589     1.1190     11.190 0.0000e+00
      34065    527.000    11.3129   3.955266    11.3127   3.954283 1.1798e-03    4.46931    34.9790    34.9695    26.7143    26.7069    11.2458    11.2456    6.14138     1.1204     11.204 0.0000e+00
      34088    528.000    11.2850   3.952247    11.2812   3.950965 1.2618e-03    4.47338    34.9751    34.9660    26.7164    26.7100    11.2178    11.2141    6.14522     1.1219     11.219 0.0000e+00
      34158    529.000    11.2745   3.951168    11.2763   3.950616 1.7992e-03    4.46265    34.9739    34.9667    26.7174    26.7114    11.2072    11.2091    6.14665     1.1233     11.233 0.0000e+00
      34181    530.000    11.2575   3.949384    11.2558   3.948305 1.6332e-03    4.45411    34.9719    34.9628    26.7190    26.7122    11.1902    11.1885    6.14897     1.1248     11.248 0.0000e+00
      34198    531.000    11.2576   3.949415    11.2526   3.948080 2.9816e-03    4.45107    34.9716    34.9631    26.7188    26.7131    11.1902    11.1852    6.14896     1.1262     11.262 0.0000e+00
      34215    532.000    11.2377   3.947230    11.2358   3.946195 5.5667e-03    4.44459    34.9683    34.9600    26.7199    26.7137    11.1703    11.1683    6.15172     1.1277     11.277 0.0000e+00
      34235    533.000    11.2250   3.945840    11.2201   3.944410 3.1430e-03    4.43805    34.9662    34.9567    26.7205    26.7140    11.1574    11.1525    6.15348     1.1291     11.291 0.0000e+00
      34276    534.000    11.1965   3.942748    11.1929   3.941576 2.1906e-03    4.43626    34.9621    34.9539    26.7226    26.7168    11.1289    11.1253    6.15742     1.1306     11.306 0.0000e+00
      34369    535.000    11.1800   3.940967    11.1844   3.940492 1.7792e-03    4.43232    34.9596    34.9507    26.7236    26.7160    11.1124    11.1167    6.15969     1.1321     11.321 0.0000e+00
      34392    536.000    11.1604   3.938846    11.1588   3.937872 1.4704e-03    4.42491    34.9567    34.9486    26.7250    26.7190    11.0927    11.0911    6.16242     1.1335     11.335 0.0000e+00
      34410    537.000    11.1442   3.937029    11.1423   3.936000 2.0025e-03    4.42392    34.9536    34.9451    26.7255    26.7192    11.0764    11.0746    6.16469     1.1350     11.350 0.0000e+00
      34428    538.000    11.1317   3.935816    11.1299   3.934824 2.9086e-03    4.42274    34.9529    34.9448    26.7273    26.7213    11.0638    11.0621    6.16637     1.1364     11.364 0.0000e+00
      34452    539.000    11.1063   3.933027    11.1038   3.931880 3.7243e-03    4.41706    34.9488    34.9398    26.7287    26.7221    11.0385    11.0360    6.16990     1.1378     11.378 0.0000e+00
      34488    540.000    11.0659   3.928696    11.0611   3.927294 5.5872e-03    4.41619    34.9436    34.9342    26.7320    26.7255    10.9981    10.9933    6.17547     1.1393     11.393 0.0000e+00
      34542    541.000    11.0383   3.925775    11.0356   3.924696 2.7351e-03    4.42869    34.9403    34.9321    26.7344    26.7285    10.9705    10.9678    6.17928     1.1407     11.407 0.0000e+00
      34598    542.000    11.0215   3.923973    11.0197   3.922968 5.2919e-03    4.45115    34.9379    34.9295    26.7356    26.7294    10.9536    10.9518    6.18162     1.1422     11.422 0.0000e+00
      34620    543.000    10.9997   3.921482    10.9971   3.920369 1.4514e-03    4.45940    34.9333    34.9247    26.7360    26.7297    10.9317    10.9292    6.18471     1.1436     11.436 0.0000e+00
      34638    544.000    10.9821   3.919575    10.9804   3.918542 7.0828e-04    4.46913    34.9305    34.9218    26.7370    26.7305    10.9141    10.9124    6.18716     1.1450     11.450 0.0000e+00
      34654    545.000    10.9667   3.917826    10.9657   3.916873 7.0938e-04    4.47164    34.9273    34.9187    26.7373    26.7308    10.8986    10.8976    6.18935     1.1465     11.465 0.0000e+00
      34670    546.000    10.9480   3.915855    10.9477   3.914985 3.0226e-03    4.47116    34.9250    34.9166    26.7388    26.7323    10.8799    10.8796    6.19194     1.1479     11.479 0.0000e+00
      34686    547.000    10.9414   3.915184    10.9405   3.914307 7.7698e-03    4.47478    34.9241    34.9162    26.7393    26.7334    10.8732    10.8722    6.19285     1.1493     11.493 0.0000e+00
      34705    548.000    10.9373   3.914778    10.9352   3.913746 3.7579e-03    4.47246    34.9235    34.9152    26.7396    26.7335    10.8690    10.8669    6.19342     1.1508     11.508 0.0000e+00
      34760    549.000    10.9328   3.914332    10.9282   3.913041 2.0067e-03    4.44765    34.9229    34.9144    26.7400    26.7342    10.8643    10.8598    6.19405     1.1522     11.522 0.0000e+00
      34805    550.000    10.9158   3.912310    10.9171   3.911452 3.9493e-03    4.42835    34.9184    34.9086    26.7396    26.7317    10.8473    10.8486    6.19651     1.1536     11.536 0.0000e+00
      34823    551.000    10.8338   3.903522    10.8356   3.902521 2.2166e-03    4.43157    34.9081    34.8964    26.7462    26.7367    10.7655    10.7673    6.20792     1.1550     11.550 0.0000e+00
      34839    552.000    10.7746   3.897097    10.7752   3.895970 3.0018e-03    4.42884    34.8996    34.8878    26.7501    26.7409    10.7064    10.7070    6.21621     1.1565     11.565 0.0000e+00
      34854    553.000    10.7422   3.893783    10.7407   3.892798 1.6919e-03    4.42272    34.8968    34.8884    26.7537    26.7474    10.6740    10.6725    6.22069     1.1579     11.579 0.0000e+00
      34869    554.000    10.7367   3.893216    10.7349   3.892194 1.6760e-03    4.41888    34.8959    34.8874    26.7540    26.7477    10.6684    10.6666    6.22146     1.1593     11.593 0.0000e+00
      34884    555.000    10.7265   3.892100    10.7249   3.891077 8.6796e-04    4.42282    34.8941    34.8853    26.7545    26.7479    10.6581    10.6565    6.22292     1.1607     11.607 0.0000e+00
      34915    556.000    10.7179   3.891267    10.7154   3.890072 3.7627e-03    4.41622    34.8934    34.8839    26.7555    26.7485    10.6494    10.6469    6.22410     1.1622     11.622 0.0000e+00
      34976    557.000    10.6989   3.889267    10.6825   3.886637 3.0486e-03    4.38948    34.8910    34.8803    26.7570    26.7515    10.6304    10.6140    6.22677     1.1638     11.638 0.0000e+00
      35005    558.000    10.6503   3.884211    10.6477   3.883046 3.4716e-03    4.39096    34.8861    34.8769    26.7617    26.7550    10.5819    10.5793    6.23353     1.1652     11.652 0.0000e+00
      35032    559.000    10.6273   3.881791    10.6245   3.880700 2.9814e-03    4.37590    34.8833    34.8749    26.7636    26.7576    10.5588    10.5561    6.23677     1.1666     11.666 0.0000e+00
      35052    560.000    10.6073   3.879605    10.6066   3.878627 -1.916e-04    4.35041    34.8799    34.8708    26.7646    26.7576    10.5388    10.5381    6.23961     1.1680     11.680 0.0000e+00
      35069    561.000    10.5889   3.877745    10.5877   3.876783 7.2065e-04    4.34969    34.8783    34.8698    26.7666    26.7601    10.5203    10.5191    6.24217     1.1694     11.694 0.0000e+00
      35084    562.000    10.5761   3.876473    10.5752   3.875483 8.6442e-04    4.35648    34.8773    34.8682    26.7680    26.7611    10.5074    10.5066    6.24395     1.1708     11.708 0.0000e+00
      35100    563.000    10.5254   3.870926    10.5276   3.869955 2.2365e-03    4.36252    34.8693    34.8576    26.7707    26.7612    10.4569    10.4590    6.25115     1.1722     11.722 0.0000e+00
      35116    564.000    10.4789   3.866253    10.4782   3.865307 6.2096e-03    4.37044    34.8663    34.8573    26.7765    26.7696    10.4104    10.4097    6.25762     1.1736     11.736 0.0000e+00
      35161    565.000    10.4767   3.866039    10.4664   3.864216 4.2793e-03    4.37539    34.8657    34.8571    26.7765    26.7716    10.4081    10.3979    6.25794     1.1750     11.750 0.0000e+00
