Data/sam03_ctd_5.cnv
* Sea-Bird SBE 9 Data File:
* FileName = D:\samoc03\ctddata\005.hex
* Software Version Seasave V 7.20d
* Temperature SN = 2951
* Conductivity SN = 2657
* Number of Bytes Per Scan = 31
* Number of Voltage Words = 2
* Number of Scans Averaged by the Deck Unit = 1
* NMEA Latitude = 34 30.07 S
* NMEA Longitude = 050 29.96 W
* NMEA UTC (Time) = Jul 08 2010  22:29:34
** Ship: Puerto Deseado
** Station: 005
** Operator:
# nquan = 22
# nvalues = 5857                        
# units = specified
# name 0 = prDM: Pressure, Digiquartz [db]
# name 1 = t090C: Temperature [ITS-90, deg C]
# name 2 = c0S/m: Conductivity [S/m]
# name 3 = sal00: Salinity, Practical [PSU]
# name 4 = sigma-é00: Density [sigma-theta, Kg/m^3]
# name 5 = sbeox0ML/L: Oxygen, SBE 43 [ml/l]
# name 6 = flSP: Fluorescence, Seapoint
# name 7 = t190C: Temperature, 2 [ITS-90, deg C]
# name 8 = c1S/m: Conductivity, 2 [S/m]
# name 9 = sal11: Salinity, Practical, 2 [PSU]
# name 10 = sigma-é11: Density, 2 [sigma-theta, Kg/m^3]
# name 11 = dz/dtM: Descent Rate [m/s]
# name 12 = sal00: Salinity, Practical [PSU]
# name 13 = sal11: Salinity, Practical, 2 [PSU]
# name 14 = sigma-é00: Density [sigma-theta, Kg/m^3]
# name 15 = sigma-é11: Density, 2 [sigma-theta, Kg/m^3]
# name 16 = potemp090C: Potential Temperature [ITS-90, deg C]
# name 17 = potemp190C: Potential Temperature, 2 [ITS-90, deg C]
# name 18 = oxsatML/L: Oxygen Saturation, Weiss [ml/l]
# name 19 = dm: Dynamic Meters [10 J/Kg]
# name 20 = gpa: Geopotential Anomaly [J/Kg]
# name 21 = flag: flag
# span 0 =      1.000,   2934.000       
# span 1 =     1.9644,    19.8965       
# span 2 =   3.179203,   4.972711       
# span 3 =    29.9192,    36.5136       
# span 4 =    21.0333,    27.8460       
# span 5 =    3.98076,    6.48774       
# span 6 = -1.615e-03, 1.1329e+00       
# span 7 =     1.9611,    19.8943       
# span 8 =   3.178366,   4.971465       
# span 9 =    29.7156,    36.5057       
# span 10 =    20.8789,    27.8399      
# span 11 =    -40.514,    115.770      
# span 12 =    29.9400,    36.5137      
# span 13 =    29.7162,    36.5058      
# span 14 =    21.0492,    27.8452      
# span 15 =    20.8794,    27.8402      
# span 16 =     1.7432,    19.8644      
# span 17 =     1.7399,    19.8626      
# span 18 =    5.12896,    7.65375      
# span 19 =     0.0004,     4.4566      
# span 20 =      0.004,     44.566      
# span 21 = 0.0000e+00, 0.0000e+00      
# interval = decibars: 1                
# start_time = Jul 08 2010 22:29:34
# bad_flag = -9.990e-29
*END*
[from data line 5466]
    391.000    14.8592   4.357555    35.5691    26.4550    4.59390 1.1075e-03    14.8713   4.357785    35.5602    26.4454     -0.374    35.5700    35.5611    26.4556    26.4461    14.7997    14.8118    5.68404     4.2565     42.565 0.0000e+00
    390.000    14.8655   4.358235    35.5702    26.4544    4.59661 3.0549e-03    14.8800   4.358675    35.5611    26.4442     -0.371    35.5709    35.5617    26.4549    26.4447    14.8062    14.8206    5.68328     4.2567     42.567 0.0000e+00
    389.000    14.8737   4.359171    35.5715    26.4536    4.59415 1.7979e-03    14.8770   4.358456    35.5620    26.4455     -0.772    35.5723    35.5628    26.4542    26.4461    14.8145    14.8178    5.68229     4.2567     42.567 0.0000e+00
    388.000    14.8821   4.360080    35.5725    26.4525    4.59348 -1.532e-03    14.8847   4.359294    35.5629    26.4445     -1.164    35.5734    35.5638    26.4532    26.4452    14.8230    14.8257    5.68130     4.2567     42.567 0.0000e+00
    387.000    14.8841   4.360337    35.5735    26.4527    4.59184 1.8641e-03    14.8863   4.359430    35.5631    26.4443     -1.480    35.5744    35.5640    26.4534    26.4450    14.8252    14.8274    5.68104     4.2567     42.567 0.0000e+00
    386.000    14.8843   4.360337    35.5737    26.4528    4.59424 3.4827e-03    14.8857   4.359267    35.5627    26.4440     -1.633    35.5745    35.5635    26.4535    26.4446    14.8256    14.8270    5.68100     4.2567     42.567 0.0000e+00
    385.000    14.8844   4.360272    35.5739    26.4529    4.59390 4.0651e-03    14.8839   4.358996    35.5626    26.4443     -1.140    35.5743    35.5631    26.4533    26.4447    14.8257    14.8253    5.68101     4.2589     42.589 0.0000e+00
    384.000    14.8840   4.360161    35.5738    26.4529    4.58968 -8.189e-04    14.8835   4.358864    35.5624    26.4442     -1.085    35.5740    35.5627    26.4531    26.4444    14.8255    14.8250    5.68106     4.2607     42.607 0.0000e+00
    383.000    14.8832   4.360015    35.5736    26.4529    4.59588 4.8735e-04    14.8824   4.358638    35.5618    26.4440     -1.449    35.5738    35.5620    26.4530    26.4441    14.8249    14.8241    5.68115     4.2606     42.606 0.0000e+00
    382.000    14.8821   4.359800    35.5731    26.4528    4.59993 3.9969e-03    14.8814   4.358420    35.5612    26.4437     -1.769    35.5733    35.5613    26.4529    26.4438    14.8239    14.8232    5.68130     4.2606     42.606 0.0000e+00
    381.000    14.8820   4.359750    35.5731    26.4527    4.59713 5.9497e-03    14.8851   4.358792    35.5616    26.4431     -1.923    35.5732    35.5617    26.4528    26.4432    14.8240    14.8272    5.68131     4.2606     42.606 0.0000e+00
    380.000    14.8872   4.360149    35.5723    26.4511    4.58961 4.0937e-03    14.8872   4.358944    35.5614    26.4425     -1.539    35.5726    35.5616    26.4511    26.4426    14.8294    14.8294    5.68074     4.2631     42.631 0.0000e+00
    379.000    14.8909   4.360496    35.5726    26.4503    4.59510 2.7234e-03    14.8886   4.359075    35.5617    26.4424     -1.481    35.5728    35.5620    26.4505    26.4426    14.8332    14.8309    5.68031     4.2643     42.643 0.0000e+00
    378.000    14.8954   4.360866    35.5724    26.4491    4.58779 2.1654e-04    14.8956   4.359646    35.5610    26.4403     -0.626    35.5725    35.5611    26.4492    26.4404    14.8378    14.8381    5.67981     4.2651     42.651 0.0000e+00
    377.000    14.8969   4.360941    35.5721    26.4485    4.59275 3.6849e-03    14.9005   4.360172    35.5618    26.4398     -0.891    35.5723    35.5620    26.4487    26.4399    14.8395    14.8430    5.67965     4.2654     42.654 0.0000e+00
    376.000    14.8958   4.360829    35.5726    26.4491    4.59048 4.2550e-03    14.9161   4.361942    35.5643    26.4383     -1.107    35.5727    35.5643    26.4492    26.4383    14.8385    14.8588    5.67976     4.2654     42.654 0.0000e+00
    375.000    14.9023   4.361578    35.5739    26.4487    4.59519 1.9757e-03    14.9356   4.364112    35.5668    26.4359     -0.462    35.5739    35.5668    26.4487    26.4359    14.8452    14.8784    5.67896     4.2659     42.659 0.0000e+00
    374.000    14.9185   4.363310    35.5751    26.4460    4.60687 4.3267e-03    14.9413   4.364819    35.5681    26.4356     -0.653    35.5754    35.5684    26.4463    26.4359    14.8615    14.8842    5.67706     4.2660     42.660 0.0000e+00
    373.000    14.9484   4.366662    35.5782    26.4418    4.59621 4.8205e-03    14.9601   4.367048    35.5710    26.4336     -0.983    35.5793    35.5721    26.4426    26.4345    14.8914    14.9032    5.67352     4.2660     42.660 0.0000e+00
    372.000    14.9693   4.369300    35.5832    26.4411    4.59027 -3.781e-04    14.9667   4.367887    35.5728    26.4336     -1.135    35.5847    35.5742    26.4422    26.4347    14.9125    14.9098    5.67095     4.2660     42.660 0.0000e+00
    371.000    14.9886   4.371590    35.5873    26.4401    4.59295 4.5643e-03    14.9878   4.370410    35.5770    26.4322     -0.919    35.5884    35.5784    26.4408    26.4333    14.9319    14.9311    5.66862     4.2666     42.666 0.0000e+00
    370.000    14.9936   4.372158    35.5884    26.4396    4.60026 7.8215e-05    15.0388   4.376286    35.5849    26.4270     -0.793    35.5894    35.5860    26.4405    26.4279    14.9371    14.9821    5.66801     4.2679     42.679 0.0000e+00
    369.000    15.0141   4.374393    35.5903    26.4366    4.60096 4.7688e-03    15.0517   4.378172    35.5906    26.4285     -0.862    35.5916    35.5919    26.4376    26.4296    14.9576    14.9951    5.66561     4.2679     42.679 0.0000e+00
    368.000    15.0284   4.376493    35.5967    26.4384    4.58998 2.5785e-03    15.0621   4.379142    35.5902    26.4256     -0.775    35.5981    35.5916    26.4395    26.4270    14.9720    15.0057    5.66376     4.2679     42.679 0.0000e+00
    367.000    15.0418   4.377749    35.5963    26.4351    4.59076 1.4417e-03    15.0587   4.378434    35.5873    26.4244     -0.461    35.5978    35.5887    26.4362    26.4255    14.9856    15.0024    5.66224     4.2679     42.679 0.0000e+00
    366.000    15.0476   4.378149    35.5953    26.4329    4.58383 2.7018e-03    15.0552   4.377761    35.5849    26.4233     -0.725    35.5965    35.5862    26.4339    26.4243    14.9915    14.9990    5.66162     4.2681     42.681 0.0000e+00
    365.000    15.0436   4.377104    35.5906    26.4302    4.57477 1.2482e-03    15.0397   4.375156    35.5764    26.4201     -0.712    35.5911    35.5769    26.4306    26.4204    14.9877    14.9838    5.66227     4.2693     42.693 0.0000e+00
    364.000    15.0432   4.376827    35.5889    26.4290    4.57572 6.5957e-03    15.0425   4.375311    35.5758    26.4190     -1.146    35.5894    35.5762    26.4293    26.4193    14.9874    14.9867    5.66238     4.2693     42.693 0.0000e+00
    363.000    15.0444   4.376732    35.5874    26.4275    4.56932 1.2712e-03    15.0445   4.375381    35.5750    26.4179     -1.475    35.5878    35.5754    26.4278    26.4182    14.9888    14.9889    5.66229     4.2693     42.693 0.0000e+00
    362.000    15.0497   4.377416    35.5873    26.4257    4.56329 4.4842e-03    15.0496   4.376004    35.5766    26.4179     -1.667    35.5879    35.5769    26.4267    26.4182    14.9942    14.9941    5.66169     4.2693     42.693 0.0000e+00
    361.000    15.0641   4.378760    35.5882    26.4237    4.56476 2.4597e-03    15.0630   4.377485    35.5777    26.4159     -1.605    35.5891    35.5785    26.4244    26.4165    15.0087    15.0076    5.66002     4.2693     42.693 0.0000e+00
    360.000    15.0675   4.379000    35.5880    26.4227    4.56714 1.6945e-03    15.0983   4.381072    35.5790    26.4091     -0.612    35.5886    35.5796    26.4232    26.4095    15.0123    15.0430    5.65964     4.2716     42.716 0.0000e+00
    359.000    15.0727   4.379556    35.5888    26.4222    4.56767 -2.746e-04    15.0927   4.380698    35.5810    26.4117     -0.756    35.5894    35.5816    26.4226    26.4122    15.0177    15.0376    5.65902     4.2721     42.721 0.0000e+00
    358.000    15.0978   4.382334    35.5911    26.4184    4.56514 3.6642e-03    15.1125   4.382930    35.5833    26.4092     -1.153    35.5923    35.5844    26.4193    26.4100    15.0428    15.0574    5.65608     4.2721     42.721 0.0000e+00
    357.000    15.1073   4.383400    35.5925    26.4174    4.56275 -7.404e-04    15.1196   4.383800    35.5849    26.4087     -1.474    35.5938    35.5862    26.4183    26.4098    15.0524    15.0648    5.65495     4.2721     42.721 0.0000e+00
    356.000    15.1136   4.384163    35.5940    26.4171    4.56168 1.4376e-03    15.1395   4.385999    35.5872    26.4062     -1.655    35.5954    35.5886    26.4182    26.4072    15.0589    15.0847    5.65418     4.2721     42.721 0.0000e+00
    355.000    15.1286   4.385855    35.5961    26.4153    4.56245 2.2879e-03    15.1453   4.386719    35.5887    26.4059     -1.546    35.5975    35.5903    26.4165    26.4071    15.0740    15.0907    5.65240     4.2726     42.726 0.0000e+00
    354.000    15.1419   4.387323    35.5982    26.4140    4.55616 -1.551e-04    15.1417   4.386158    35.5877    26.4059     -1.528    35.5993    35.5888    26.4148    26.4068    15.0874    15.0873    5.65084     4.2766     42.766 0.0000e+00
    353.000    15.1544   4.388669    35.5993    26.4120    4.55342 1.5938e-04    15.1462   4.386609    35.5880    26.4052     -1.362    35.6006    35.5893    26.4130    26.4061    15.1000    15.0918    5.64938     4.2767     42.767 0.0000e+00
    352.000    15.1468   4.387789    35.5989    26.4134    4.55266 1.3170e-03    15.1440   4.386282    35.5878    26.4054     -1.084    35.5998    35.5887    26.4141    26.4062    15.0927    15.0898    5.65026     4.2767     42.767 0.0000e+00
    351.000    15.2206   4.396702    35.6127    26.4077    4.55622 1.1165e-03    15.1951   4.392361    35.5965    26.4007     -0.362    35.6142    35.5979    26.4088    26.4019    15.1664    15.1410    5.64143     4.2773     42.773 0.0000e+00
    350.000    15.2197   4.396055    35.6088    26.4048    4.56134 2.2244e-03    15.2849   4.402461    35.6078    26.3896     -0.324    35.6096    35.6086    26.4054    26.3901    15.1657    15.2307    5.64169     4.2777     42.777 0.0000e+00
    349.000    15.2186   4.396009    35.6101    26.4060    4.56633 8.1427e-04    15.2855   4.402763    35.6106    26.3915     -0.677    35.6105    35.6111    26.4063    26.3919    15.1647    15.2315    5.64178     4.2778     42.778 0.0000e+00
    348.000    15.2620   4.401136    35.6163    26.4010    4.55706 2.9282e-04    15.3125   4.406280    35.6172    26.3906     -1.195    35.6181    35.6190    26.4025    26.3920    15.2082    15.2585    5.63663     4.2778     42.778 0.0000e+00
    347.000    15.3109   4.406744    35.6223    26.3949    4.55367 -5.403e-04    15.3370   4.409081    35.6199    26.3871     -1.591    35.6250    35.6226    26.3970    26.3892    15.2571    15.2831    5.63089     4.2778     42.778 0.0000e+00
    346.000    15.3463   4.410981    35.6283    26.3916    4.55544 4.3845e-03    15.3708   4.413318    35.6272    26.3852     -1.862    35.6318    35.6307    26.3942    26.3879    15.2925    15.3170    5.62668     4.2778     42.778 0.0000e+00
    345.000    15.3699   4.413845    35.6337    26.3903    4.55103 1.9443e-03    15.3820   4.414089    35.6250    26.3810     -1.458    35.6366    35.6279    26.3926    26.3832    15.3163    15.3283    5.62385     4.2791     42.791 0.0000e+00
    344.000    15.3817   4.415140    35.6363    26.3898    4.54219 -1.597e-03    15.3766   4.413529    35.6265    26.3833     -1.038    35.6381    35.6282    26.3911    26.3846    15.3282    15.3231    5.62248     4.2811     42.811 0.0000e+00
    343.000    15.4103   4.418530    35.6410    26.3870    4.54250 1.9936e-03    15.4081   4.417462    35.6332    26.3814     -1.295    35.6433    35.6356    26.3887    26.3832    15.3569    15.3547    5.61910     4.2811     42.811 0.0000e+00
    342.000    15.4182   4.419491    35.6431    26.3868    4.54347 2.7240e-03    15.4313   4.419930    35.6352    26.3777     -1.246    35.6452    35.6373    26.3884    26.3793    15.3649    15.3780    5.61815     4.2813     42.813 0.0000e+00
    341.000    15.4255   4.420241    35.6444    26.3861    4.53990 6.7472e-04    15.4438   4.421322    35.6377    26.3768     -0.887    35.6457    35.6390    26.3871    26.3778    15.3724    15.3906    5.61731     4.2831     42.831 0.0000e+00
    340.000    15.4277   4.420575    35.6460    26.3868    4.53866 2.5184e-04    15.4433   4.421221    35.6378    26.3769     -1.063    35.6472    35.6389    26.3877    26.3778    15.3747    15.3903    5.61702     4.2831     42.831 0.0000e+00
    339.000    15.4619   4.424535    35.6507    26.3827    4.54897 1.3917e-03    15.4642   4.423533    35.6396    26.3743     -0.554    35.6524    35.6413    26.3840    26.3749    15.4090    15.4113    5.61301     4.2831     42.831 0.0000e+00
    338.000    15.4435   4.422489    35.6504    26.3865    4.55266 2.8407e-03    15.4608   4.423142    35.6406    26.3751     -0.447    35.6510    35.6412    26.3870    26.3756    15.3908    15.4080    5.61512     4.2831     42.831 0.0000e+00
    337.000    15.4706   4.425341    35.6514    26.3812    4.54511 2.0904e-03    15.4708   4.424371    35.6425    26.3743     -0.649    35.6526    35.6437    26.3821    26.3752    15.4180    15.4182    5.61203     4.2831     42.831 0.0000e+00
    336.000    15.5053   4.429291    35.6554    26.3765    4.54430 5.7502e-05    15.4864   4.426313    35.6457    26.3733     -0.632    35.6572    35.6475    26.3779    26.3747    15.4528    15.4339    5.60799     4.2831     42.831 0.0000e+00
    335.000    15.5083   4.429547    35.6556    26.3759    4.53929 4.4926e-04    15.5043   4.428019    35.6455    26.3690     -0.852    35.6572    35.6471    26.3772    26.3702    15.4560    15.4520    5.60766     4.2831     42.831 0.0000e+00
    334.000    15.5228   4.431237    35.6582    26.3746    4.53717 6.2713e-04    15.5230   4.430112    35.6477    26.3665     -0.828    35.6598    35.6494    26.3759    26.3678    15.4705    15.4708    5.60596     4.2831     42.831 0.0000e+00
    333.000    15.5247   4.431376    35.6584    26.3743    4.53677 2.6383e-03    15.5289   4.430619    35.6478    26.3653     -0.455    35.6597    35.6491    26.3753    26.3662    15.4726    15.4767    5.60575     4.2831     42.831 0.0000e+00
    332.000    15.5401   4.432971    35.6591    26.3713    4.53404 2.3306e-03    15.5426   4.432226    35.6501    26.3639     -0.764    35.6606    35.6516    26.3725    26.3650    15.4881    15.4906    5.60400     4.2831     42.831 0.0000e+00
    331.000    15.5525   4.434296    35.6601    26.3693    4.51686 1.5908e-03    15.5551   4.433458    35.6503    26.3612     -0.929    35.6617    35.6518    26.3705    26.3624    15.5007    15.5032    5.60257     4.2831     42.831 0.0000e+00
    330.000    15.5519   4.434052    35.6590    26.3686    4.52553 9.6980e-04    15.5555   4.433315    35.6492    26.3602     -0.914    35.6604    35.6506    26.3697    26.3613    15.5002    15.5038    5.60269     4.2831     42.831 0.0000e+00
    329.000    15.5526   4.433736    35.6567    26.3662    4.53168 8.5628e-04    15.5496   4.431652    35.6440    26.3545     -1.097    35.6573    35.6413    26.3671    26.3554    15.5011    15.4981    5.60271     4.2831     42.831 0.0000e+00
    328.000    15.5456   4.432030    35.6466    26.3612    4.52233 3.1464e-03    15.5440   4.430311    35.6332    26.3507     -1.379    35.6487    35.6346    26.3620    26.3515    15.4943    15.4927    5.60379     4.2831     42.831 0.0000e+00
