Data/sam03_ctd_5.cnv
* Sea-Bird SBE 9 Data File:
* FileName = D:\samoc03\ctddata\005.hex
* Software Version Seasave V 7.20d
* Temperature SN = 2951
* Conductivity SN = 2657
* Number of Bytes Per Scan = 31
* Number of Voltage Words = 2
* Number of Scans Averaged by the Deck Unit = 1
* NMEA Latitude = 34 30.07 S
* NMEA Longitude = 050 29.96 W
* NMEA UTC (Time) = Jul 08 2010  22:29:34
** Ship: Puerto Deseado
** Station: 005
** Operator:
# nquan = 22
# nvalues = 5857                        
# units = specified
# name 0 = prDM: Pressure, Digiquartz [db]
# name 1 = t090C: Temperature [ITS-90, deg C]
# name 2 = c0S/m: Conductivity [S/m]
# name 3 = sal00: Salinity, Practical [PSU]
# name 4 = sigma-é00: Density [sigma-theta, Kg/m^3]
# name 5 = sbeox0ML/L: Oxygen, SBE 43 [ml/l]
# name 6 = flSP: Fluorescence, Seapoint
# name 7 = t190C: Temperature, 2 [ITS-90, deg C]
# name 8 = c1S/m: Conductivity, 2 [S/m]
# name 9 = sal11: Salinity, Practical, 2 [PSU]
# name 10 = sigma-é11: Density, 2 [sigma-theta, Kg/m^3]
# name 11 = dz/dtM: Descent Rate [m/s]
# name 12 = sal00: Salinity, Practical [PSU]
# name 13 = sal11: Salinity, Practical, 2 [PSU]
# name 14 = sigma-é00: Density [sigma-theta, Kg/m^3]
# name 15 = sigma-é11: Density, 2 [sigma-theta, Kg/m^3]
# name 16 = potemp090C: Potential Temperature [ITS-90, deg C]
# name 17 = potemp190C: Potential Temperature, 2 [ITS-90, deg C]
# name 18 = oxsatML/L: Oxygen Saturation, Weiss [ml/l]
# name 19 = dm: Dynamic Meters [10 J/Kg]
# name 20 = gpa: Geopotential Anomaly [J/Kg]
# name 21 = flag: flag
# span 0 =      1.000,   2934.000       
# span 1 =     1.9644,    19.8965       
# span 2 =   3.179203,   4.972711       
# span 3 =    29.9192,    36.5136       
# span 4 =    21.0333,    27.8460       
# span 5 =    3.98076,    6.48774       
# span 6 = -1.615e-03, 1.1329e+00       
# span 7 =     1.9611,    19.8943       
# span 8 =   3.178366,   4.971465       
# span 9 =    29.7156,    36.5057       
# span 10 =    20.8789,    27.8399      
# span 11 =    -40.514,    115.770      
# span 12 =    29.9400,    36.5137      
# span 13 =    29.7162,    36.5058      
# span 14 =    21.0492,    27.8452      
# span 15 =    20.8794,    27.8402      
# span 16 =     1.7432,    19.8644      
# span 17 =     1.7399,    19.8626      
# span 18 =    5.12896,    7.65375      
# span 19 =     0.0004,     4.4566      
# span 20 =      0.004,     44.566      
# span 21 = 0.0000e+00, 0.0000e+00      
# interval = decibars: 1                
# start_time = Jul 08 2010 22:29:34
# bad_flag = -9.990e-29
*END*
[from data line 1515]
   1526.000     3.0398   3.195114    34.4986    27.4912    4.08451 1.0630e-02     3.0369   3.194208    34.4907    27.4852      0.419    34.4980    34.4901    27.4908    27.4847     2.9295     2.9267    7.46374     2.9961     29.961 0.0000e+00
   1527.000     3.0356   3.194790    34.4986    27.4916    4.09567 1.0630e-02     3.0327   3.193941    34.4915    27.4862      0.789    34.4980    34.4909    27.4911    27.4857     2.9253     2.9224    7.46451     2.9968     29.968 0.0000e+00
   1528.000     3.0349   3.194781    34.4987    27.4918    4.08941 1.0630e-02     3.0322   3.193939    34.4914    27.4862      1.196    34.4981    34.4909    27.4913    27.4858     2.9245     2.9219    7.46463     2.9974     29.974 0.0000e+00
   1529.000     3.0332   3.194698    34.4990    27.4922    4.08446 1.0630e-02     3.0310   3.193877    34.4915    27.4864      1.390    34.4984    34.4909    27.4917    27.4859     2.9228     2.9206    7.46494     2.9981     29.981 0.0000e+00
   1530.000     3.0308   3.194520    34.4989    27.4923    4.08640 1.0630e-02     3.0284   3.193715    34.4918    27.4868      1.434    34.4983    34.4912    27.4918    27.4864     2.9203     2.9179    7.46540     2.9988     29.988 0.0000e+00
   1531.000     3.0293   3.194403    34.4986    27.4922    4.08178 -9.990e-29     3.0261   3.193526    34.4914    27.4868      1.449    34.4980    34.4908    27.4917    27.4863     2.9187     2.9156    7.46569     2.9995     29.995 0.0000e+00
   1532.000     3.0274   3.194377    34.4998    27.4933    4.08297 -9.990e-29     3.0245   3.193515    34.4925    27.4878      1.456    34.4992    34.4919    27.4929    27.4873     2.9168     2.9139    7.46599     3.0002     30.002 0.0000e+00
   1533.000     3.0239   3.194224    34.5012    27.4948    4.09158 -9.990e-29     3.0210   3.193394    34.4943    27.4895      1.454    34.5006    34.4936    27.4943    27.4890     2.9132     2.9104    7.46658     3.0009     30.009 0.0000e+00
   1534.000     3.0251   3.194451    34.5020    27.4953    4.09374 -9.990e-29     3.0222   3.193601    34.4949    27.4899      1.453    34.5015    34.4943    27.4949    27.4895     2.9144     2.9115    7.46630     3.0016     30.016 0.0000e+00
   1535.000     3.0259   3.194581    34.5022    27.4954    4.08832 -9.990e-29     3.0230   3.193751    34.4953    27.4902      1.461    34.5017    34.4948    27.4951    27.4898     2.9150     2.9122    7.46615     3.0023     30.023 0.0000e+00
   1536.000     3.0255   3.194652    34.5030    27.4961    4.07967 -9.990e-29     3.0226   3.193829    34.4961    27.4908      1.344    34.5025    34.4957    27.4957    27.4905     2.9145     2.9117    7.46618     3.0030     30.030 0.0000e+00
   1537.000     3.0266   3.194841    34.5034    27.4963    4.09012 -9.990e-29     3.0240   3.194058    34.4968    27.4913      0.191    34.5031    34.4965    27.4961    27.4911     2.9156     2.9129    7.46594     3.0037     30.037 0.0000e+00
   1538.000     3.0300   3.195560    34.5078    27.4996    4.08627 -9.990e-29     3.0272   3.194731    34.5009    27.4943      0.752    34.5077    34.5007    27.4995    27.4942     2.9188     2.9160    7.46508     3.0044     30.044 0.0000e+00
   1539.000     3.0307   3.195728    34.5086    27.5002    4.08262 -9.990e-29     3.0279   3.194881    34.5014    27.4946      1.198    34.5085    34.5013    27.5001    27.4945     2.9194     2.9166    7.46491     3.0050     30.050 0.0000e+00
   1540.000     3.0308   3.195794    34.5088    27.5003    4.08480 -9.990e-29     3.0278   3.194947    34.5017    27.4949      1.372    34.5087    34.5016    27.5002    27.4949     2.9194     2.9165    7.46489     3.0057     30.057 0.0000e+00
   1541.000     3.0310   3.195959    34.5100    27.5013    4.08529 -9.990e-29     3.0281   3.195134    34.5032    27.4960      1.413    34.5099    34.5031    27.5012    27.4960     2.9196     2.9167    7.46478     3.0064     30.064 0.0000e+00
   1542.000     3.0305   3.196058    34.5113    27.5023    4.08861 -9.990e-29     3.0276   3.195217    34.5042    27.4970      1.429    34.5112    34.5042    27.5022    27.4969     2.9189     2.9161    7.46482     3.0071     30.071 0.0000e+00
   1543.000     3.0305   3.196217    34.5126    27.5034    4.09019 -9.990e-29     3.0276   3.195374    34.5056    27.4981      1.432    34.5125    34.5055    27.5033    27.4980     2.9189     2.9160    7.46474     3.0078     30.078 0.0000e+00
   1544.000     3.0270   3.196085    34.5144    27.5051    4.09100 -9.990e-29     3.0240   3.195255    34.5075    27.4999      1.433    34.5142    34.5074    27.5050    27.4998     2.9153     2.9124    7.46533     3.0085     30.085 0.0000e+00
   1545.000     3.0277   3.196377    34.5166    27.5068    4.08935 -9.990e-29     3.0249   3.195562    34.5098    27.5017      1.432    34.5164    34.5096    27.5067    27.5015     2.9159     2.9131    7.46507     3.0091     30.091 0.0000e+00
   1546.000     3.0275   3.196429    34.5170    27.5072    4.08882 -9.990e-29     3.0243   3.195567    34.5100    27.5018      1.451    34.5168    34.5098    27.5071    27.5017     2.9156     2.9125    7.46510     3.0098     30.098 0.0000e+00
   1547.000     3.0268   3.196390    34.5167    27.5070    4.08366 -9.990e-29     3.0234   3.195500    34.5096    27.5016      1.133    34.5166    34.5095    27.5069    27.5016     2.9148     2.9115    7.46524     3.0105     30.105 0.0000e+00
   1548.000     3.0246   3.196307    34.5176    27.5079    4.08548 -9.990e-29     3.0223   3.195476    34.5100    27.5021      0.473    34.5174    34.5098    27.5078    27.5019     2.9126     2.9104    7.46561     3.0112     30.112 0.0000e+00
   1549.000     3.0246   3.196493    34.5192    27.5092    4.08439 1.0630e-02     3.0218   3.195654    34.5122    27.5039      0.880    34.5191    34.5120    27.5091    27.5038     2.9125     2.9097    7.46552     3.0119     30.119 0.0000e+00
   1550.000     3.0242   3.196604    34.5205    27.5103    4.08305 1.0630e-02     3.0213   3.195759    34.5134    27.5049      1.183    34.5203    34.5133    27.5102    27.5048     2.9120     2.9092    7.46553     3.0125     30.125 0.0000e+00
   1551.000     3.0224   3.196630    34.5223    27.5119    4.07954 1.0630e-02     3.0196   3.195775    34.5149    27.5063      1.312    34.5221    34.5147    27.5118    27.5061     2.9102     2.9075    7.46578     3.0132     30.132 0.0000e+00
   1552.000     3.0220   3.196754    34.5237    27.5131    4.07563 1.0630e-02     3.0192   3.195917    34.5165    27.5076      1.383    34.5235    34.5164    27.5129    27.5075     2.9097     2.9070    7.46579     3.0139     30.139 0.0000e+00
   1553.000     3.0226   3.196951    34.5248    27.5140    4.07834 1.0630e-02     3.0198   3.196110    34.5178    27.5086      1.421    34.5247    34.5176    27.5138    27.5084     2.9102     2.9074    7.46561     3.0146     30.146 0.0000e+00
   1554.000     3.0240   3.197167    34.5255    27.5144    4.07947 1.0630e-02     3.0212   3.196331    34.5184    27.5089      1.439    34.5254    34.5183    27.5143    27.5089     2.9115     2.9087    7.46532     3.0152     30.152 0.0000e+00
   1555.000     3.0242   3.197235    34.5256    27.5144    4.07315 -9.990e-29     3.0214   3.196398    34.5185    27.5090      1.448    34.5255    34.5184    27.5143    27.5089     2.9116     2.9088    7.46528     3.0159     30.159 0.0000e+00
   1556.000     3.0250   3.197378    34.5258    27.5145    4.06736 -9.990e-29     3.0219   3.196534    34.5190    27.5094      1.451    34.5258    34.5190    27.5145    27.5094     2.9123     2.9093    7.46510     3.0166     30.166 0.0000e+00
   1557.000     3.0272   3.197678    34.5267    27.5150    4.07262 -9.990e-29     3.0241   3.196844    34.5198    27.5099      1.451    34.5267    34.5198    27.5150    27.5098     2.9144     2.9114    7.46466     3.0172     30.172 0.0000e+00
   1558.000     3.0285   3.197930    34.5278    27.5158    4.07966 -9.990e-29     3.0254   3.197102    34.5210    27.5107      1.460    34.5278    34.5211    27.5159    27.5107     2.9156     2.9126    7.46436     3.0179     30.179 0.0000e+00
   1559.000     3.0279   3.198004    34.5287    27.5166    4.07748 -9.990e-29     3.0252   3.197179    34.5217    27.5113      1.444    34.5288    34.5218    27.5167    27.5113     2.9150     2.9123    7.46441     3.0186     30.186 0.0000e+00
   1560.000     3.0275   3.197854    34.5270    27.5153    4.07659 1.0630e-02     3.0250   3.197163    34.5213    27.5109      0.175    34.5270    34.5213    27.5153    27.5109     2.9144     2.9120    7.46459     3.0195     30.195 0.0000e+00
   1561.000     3.0276   3.198246    34.5311    27.5185    4.06831 1.0630e-02     3.0248   3.197432    34.5243    27.5134      0.946    34.5311    34.5243    27.5186    27.5134     2.9144     2.9117    7.46437     3.0201     30.201 0.0000e+00
   1562.000     3.0274   3.198447    34.5332    27.5203    4.06266 1.0630e-02     3.0246   3.197627    34.5263    27.5150      1.317    34.5331    34.5263    27.5202    27.5150     2.9141     2.9114    7.46430     3.0208     30.208 0.0000e+00
   1563.000     3.0287   3.198760    34.5350    27.5216    4.06779 1.0630e-02     3.0260   3.197940    34.5281    27.5164      1.382    34.5351    34.5282    27.5217    27.5164     2.9154     2.9126    7.46395     3.0215     30.215 0.0000e+00
   1564.000     3.0297   3.198948    34.5357    27.5221    4.07108 1.0630e-02     3.0268   3.198114    34.5288    27.5168      1.390    34.5358    34.5288    27.5222    27.5168     2.9163     2.9134    7.46373     3.0222     30.222 0.0000e+00
   1565.000     3.0298   3.199047    34.5363    27.5225    4.07110 1.0630e-02     3.0269   3.198223    34.5295    27.5173      1.400    34.5363    34.5295    27.5226    27.5174     2.9163     2.9134    7.46368     3.0228     30.228 0.0000e+00
   1566.000     3.0300   3.199200    34.5374    27.5234    4.07458 1.0630e-02     3.0272   3.198375    34.5305    27.5182      1.403    34.5375    34.5306    27.5235    27.5182     2.9164     2.9136    7.46359     3.0235     30.235 0.0000e+00
   1567.000     3.0300   3.199282    34.5380    27.5239    4.07725 1.0630e-02     3.0270   3.198446    34.5311    27.5186      1.400    34.5380    34.5311    27.5239    27.5187     2.9163     2.9134    7.46357     3.0242     30.242 0.0000e+00
   1568.000     3.0296   3.199367    34.5389    27.5246    4.07424 1.0630e-02     3.0267   3.198512    34.5317    27.5192      1.396    34.5389    34.5318    27.5247    27.5192     2.9158     2.9129    7.46359     3.0248     30.248 0.0000e+00
   1569.000     3.0306   3.199539    34.5394    27.5249    4.07988 -9.990e-29     3.0277   3.198717    34.5326    27.5198      1.398    34.5394    34.5327    27.5250    27.5199     2.9168     2.9138    7.46338     3.0255     30.255 0.0000e+00
   1570.000     3.0285   3.199398    34.5395    27.5253    4.08597 -9.990e-29     3.0250   3.198471    34.5321    27.5197      1.416    34.5395    34.5321    27.5253    27.5196     2.9145     2.9111    7.46378     3.0261     30.261 0.0000e+00
   1571.000     3.0259   3.199255    34.5400    27.5260    4.09001 -9.990e-29     3.0232   3.198480    34.5336    27.5210      1.477    34.5400    34.5335    27.5259    27.5210     2.9119     2.9093    7.46423     3.0268     30.268 0.0000e+00
   1572.000     3.0260   3.199378    34.5410    27.5267    4.09955 -9.990e-29     3.0231   3.198547    34.5340    27.5214      1.435    34.5409    34.5339    27.5266    27.5213     2.9119     2.9091    7.46418     3.0275     30.275 0.0000e+00
   1573.000     3.0256   3.199416    34.5414    27.5270    4.08996 1.0630e-02     3.0218   3.198523    34.5346    27.5220      0.599    34.5413    34.5345    27.5270    27.5219     2.9114     2.9077    7.46423     3.0281     30.281 0.0000e+00
   1574.000     3.0226   3.199311    34.5428    27.5285    4.09114 1.0630e-02     3.0196   3.198439    34.5355    27.5229      0.778    34.5426    34.5353    27.5283    27.5228     2.9084     2.9054    7.46472     3.0288     30.288 0.0000e+00
   1575.000     3.0212   3.199253    34.5431    27.5289    4.09927 1.0630e-02     3.0185   3.198402    34.5358    27.5232      1.159    34.5429    34.5356    27.5287    27.5231     2.9069     2.9042    7.46496     3.0295     30.295 0.0000e+00
   1576.000     3.0192   3.199181    34.5439    27.5297    4.10495 1.0630e-02     3.0163   3.198330    34.5368    27.5242      1.335    34.5437    34.5365    27.5295    27.5240     2.9049     2.9020    7.46530     3.0301     30.301 0.0000e+00
   1577.000     3.0128   3.198730    34.5449    27.5310    4.10628 1.0630e-02     3.0101   3.197866    34.5374    27.5253      1.372    34.5445    34.5370    27.5307    27.5249     2.8984     2.8958    7.46645     3.0308     30.308 0.0000e+00
   1578.000     3.0121   3.198738    34.5452    27.5313    4.10377 1.0630e-02     3.0094   3.197897    34.5380    27.5259      1.307    34.5448    34.5377    27.5310    27.5256     2.8977     2.8950    7.46657     3.0314     30.314 0.0000e+00
   1579.000     3.0129   3.198884    34.5456    27.5316    4.10867 -9.990e-29     3.0102   3.198055    34.5385    27.5261      1.166    34.5453    34.5382    27.5313    27.5259     2.8984     2.8957    7.46640     3.0321     30.321 0.0000e+00
   1580.000     3.0145   3.199129    34.5462    27.5320    4.11189 -9.990e-29     3.0118   3.198301    34.5391    27.5266      1.095    34.5460    34.5389    27.5318    27.5264     2.8999     2.8972    7.46606     3.0328     30.328 0.0000e+00
   1581.000     3.0149   3.199222    34.5465    27.5321    4.10973 -9.990e-29     3.0121   3.198379    34.5393    27.5266      1.194    34.5463    34.5391    27.5320    27.5265     2.9002     2.8974    7.46598     3.0334     30.334 0.0000e+00
   1582.000     3.0145   3.199251    34.5468    27.5324    4.10929 -9.990e-29     3.0117   3.198411    34.5396    27.5269      1.340    34.5465    34.5394    27.5322    27.5268     2.8997     2.8969    7.46604     3.0341     30.341 0.0000e+00
   1583.000     3.0119   3.199056    34.5471    27.5330    4.11065 1.0630e-02     3.0093   3.198170    34.5395    27.5272      1.413    34.5469    34.5392    27.5327    27.5269     2.8970     2.8945    7.46650     3.0347     30.347 0.0000e+00
   1584.000     3.0073   3.198750    34.5475    27.5337    4.11641 1.0630e-02     3.0044   3.197914    34.5405    27.5284      1.437    34.5471    34.5402    27.5333    27.5280     2.8924     2.8895    7.46736     3.0354     30.354 0.0000e+00
   1585.000     3.0071   3.198833    34.5481    27.5342    4.11991 1.0630e-02     3.0040   3.197968    34.5410    27.5288      1.112    34.5478    34.5407    27.5339    27.5285     2.8921     2.8891    7.46736     3.0361     30.361 0.0000e+00
   1586.000     3.0098   3.199071    34.5475    27.5334    4.11118 1.0630e-02     3.0053   3.198135    34.5410    27.5287      0.270    34.5473    34.5408    27.5333    27.5285     2.8947     2.8903    7.46688     3.0368     30.368 0.0000e+00
   1587.000     3.0071   3.199230    34.5518    27.5371    4.11024 1.0630e-02     3.0046   3.198427    34.5448    27.5318      0.981    34.5516    34.5446    27.5369    27.5316     2.8920     2.8894    7.46717     3.0375     30.375 0.0000e+00
   1588.000     3.0117   3.199790    34.5530    27.5376    4.10946 1.0630e-02     3.0089   3.198971    34.5462    27.5325      1.334    34.5530    34.5461    27.5377    27.5324     2.8964     2.8936    7.46624     3.0381     30.381 0.0000e+00
   1589.000     3.0123   3.199911    34.5533    27.5379    4.10830 1.0630e-02     3.0094   3.199070    34.5462    27.5325      1.399    34.5533    34.5462    27.5379    27.5325     2.8969     2.8941    7.46612     3.0388     30.388 0.0000e+00
   1590.000     3.0134   3.200113    34.5541    27.5384    4.10276 1.0630e-02     3.0106   3.199293    34.5472    27.5331      1.409    34.5541    34.5472    27.5384    27.5331     2.8979     2.8952    7.46587     3.0394     30.394 0.0000e+00
