Data/ctd/proc_sb/sam03_ctd_8.cnv
* Sea-Bird SBE 9 Data File:
* FileName = D:\samoc03\ctddata\008.hex
* Software Version Seasave V 7.20d
* Temperature SN = 2951
* Conductivity SN = 2657
* Number of Bytes Per Scan = 31
* Number of Voltage Words = 2
* Number of Scans Averaged by the Deck Unit = 1
* NMEA Latitude = 34 28.98 S
* NMEA Longitude = 047 29.54 W
* NMEA UTC (Time) = Jul 10 2010  18:30:08
** Ship: Puerto Deseado
** Station: 008
** Operator: AnaP
** Posterior a la escucha de la ecosonda C
# nquan = 22
# nvalues = 9221                        
# units = specified
# name 0 = prDM: Pressure, Digiquartz [db]
# name 1 = t090C: Temperature [ITS-90, deg C]
# name 2 = c0S/m: Conductivity [S/m]
# name 3 = sal00: Salinity, Practical [PSU]
# name 4 = sigma-é00: Density [sigma-theta, Kg/m^3]
# name 5 = sbeox0ML/L: Oxygen, SBE 43 [ml/l]
# name 6 = flSP: Fluorescence, Seapoint
# name 7 = t190C: Temperature, 2 [ITS-90, deg C]
# name 8 = c1S/m: Conductivity, 2 [S/m]
# name 9 = sal11: Salinity, Practical, 2 [PSU]
# name 10 = sigma-é11: Density, 2 [sigma-theta, Kg/m^3]
# name 11 = dz/dtM: Descent Rate [m/s]
# name 12 = sal00: Salinity, Practical [PSU]
# name 13 = sal11: Salinity, Practical, 2 [PSU]
# name 14 = sigma-é00: Density [sigma-theta, Kg/m^3]
# name 15 = sigma-é11: Density, 2 [sigma-theta, Kg/m^3]
# name 16 = potemp090C: Potential Temperature [ITS-90, deg C]
# name 17 = potemp190C: Potential Temperature, 2 [ITS-90, deg C]
# name 18 = oxsatML/L: Oxygen Saturation, Weiss [ml/l]
# name 19 = dm: Dynamic Meters [10 J/Kg]
# name 20 = gpa: Geopotential Anomaly [J/Kg]
# name 21 = flag: flag
# span 0 =      1.000,   4612.000       
# span 1 =     0.1973,    17.6988       
# span 2 =   3.067698,   4.668460       
# span 3 =    34.1948,    35.8910       
# span 4 =    26.0104,    27.8595       
# span 5 =    3.82491,    5.62015       
# span 6 = -1.814e-03, 4.9521e-01       
# span 7 =     0.1955,    17.6973       
# span 8 =   3.066940,   4.667046       
# span 9 =    34.1875,    35.8792       
# span 10 =    26.0039,    27.8537      
# span 11 =   -308.984,    719.049      
# span 12 =    34.1946,    35.8912      
# span 13 =    33.9227,    35.8795      
# span 14 =    26.0106,    27.8593      
# span 15 =    26.0038,    27.8542      
# span 16 =    -0.1337,    17.6782      
# span 17 =    -0.1354,    17.6767      
# span 18 =    5.36521,    8.02101      
# span 19 =    -0.0007,     3.9525      
# span 20 =     -0.007,     39.525      
# span 21 = 0.0000e+00, 0.0000e+00      
# interval = decibars: 1                
# start_time = Jul 10 2010 18:30:08
# bad_flag = -9.990e-29
*END*
[from data line 7704]
   1517.000     2.9808   3.193016    34.5392    27.5288    3.99459 -9.990e-29     2.9832   3.192672    34.5325    27.5233     -1.022    34.5394    34.5327    27.5290    27.5235     2.8719     2.8743    7.47271     3.4977     34.977 0.0000e+00
   1516.000     2.9878   3.193630    34.5395    27.5285    4.00063 -9.990e-29     2.9935   3.193641    34.5336    27.5233     -1.300    34.5399    34.5341    27.5288    27.5236     2.8788     2.8845    7.47138     3.4977     34.977 0.0000e+00
   1515.000     2.9989   3.194617    34.5399    27.5277    3.99866 -9.990e-29     3.0029   3.194431    34.5334    27.5223     -1.534    34.5406    34.5341    27.5283    27.5228     2.8899     2.8939    7.46926     3.4977     34.977 0.0000e+00
   1514.000     3.0027   3.194936    34.5400    27.5275    3.99702 -9.990e-29     3.0038   3.194443    34.5330    27.5218     -1.694    34.5408    34.5338    27.5282    27.5225     2.8938     2.8949    7.46853     3.4977     34.977 0.0000e+00
   1513.000     3.0040   3.194991    34.5399    27.5274    4.00233 -9.990e-29     3.0033   3.194305    34.5323    27.5214     -1.776    34.5407    34.5331    27.5280    27.5220     2.8951     2.8945    7.46831     3.4977     34.977 0.0000e+00
   1512.000     3.0027   3.194720    34.5386    27.5264    4.00526 -9.990e-29     3.0016   3.194036    34.5316    27.5209     -1.755    34.5392    34.5322    27.5269    27.5214     2.8940     2.8929    7.46861     3.4977     34.977 0.0000e+00
   1511.000     3.0035   3.194801    34.5393    27.5269    3.99807 -9.990e-29     2.9989   3.193658    34.5304    27.5202     -1.514    34.5399    34.5310    27.5274    27.5206     2.8948     2.8903    7.46843     3.4977     34.977 0.0000e+00
   1510.000     3.0026   3.194467    34.5370    27.5251    4.00008 -9.990e-29     2.9992   3.193554    34.5296    27.5195     -0.359    34.5373    34.5299    27.5254    27.5198     2.8940     2.8907    7.46873     3.4980     34.980 0.0000e+00
   1509.000     3.0031   3.194519    34.5377    27.5256    3.99906 -9.990e-29     3.0000   3.193652    34.5304    27.5200     -0.984    34.5380    34.5307    27.5258    27.5203     2.8945     2.9026    7.46861     3.4980     34.980 0.0000e+00
   1508.000     3.0037   3.194511    34.5374    27.5254    4.00062 -9.990e-29     3.0003   3.193610    34.5301    27.5198     -1.362    34.5377    34.5304    27.5256    27.5200     2.8953     2.8919    7.46850     3.4980     34.980 0.0000e+00
   1507.000     3.0045   3.194507    34.5370    27.5249    4.00330 -9.990e-29     3.0020   3.193664    34.5295    27.5192     -1.569    34.5373    34.5298    27.5252    27.5194     2.8961     2.8937    7.46837     3.4980     34.980 0.0000e+00
   1506.000     3.0048   3.194458    34.5367    27.5246    4.00621 -9.990e-29     3.0022   3.193585    34.5289    27.5186     -1.607    34.5370    34.5291    27.5249    27.5188     2.8965     2.8940    7.46834     3.4980     34.980 0.0000e+00
   1505.000     3.0043   3.194363    34.5366    27.5246    4.00475 -9.990e-29     3.0008   3.193388    34.5285    27.5184     -1.515    34.5368    34.5288    27.5248    27.5186     2.8961     2.8926    7.46844     3.4980     34.980 0.0000e+00
   1504.000     3.0032   3.194157    34.5357    27.5240    4.00114 -9.990e-29     2.9998   3.193203    34.5279    27.5180     -1.396    34.5359    34.5280    27.5242    27.5182     2.8951     2.8918    7.46868     3.4980     34.980 0.0000e+00
   1503.000     3.0024   3.194004    34.5354    27.5238    3.99732 -9.990e-29     2.9989   3.193059    34.5277    27.5180     -1.279    34.5355    34.5279    27.5239    27.5181     2.8944     2.8909    7.46886     3.4980     34.980 0.0000e+00
   1502.000     3.0002   3.193696    34.5345    27.5233    3.99602 1.0630e-02     2.9986   3.192978    34.5276    27.5179     -1.043    34.5346    34.5276    27.5233    27.5179     2.8923     2.8907    7.46931     3.4980     34.980 0.0000e+00
   1501.000     2.9948   3.192933    34.5317    27.5215    3.99703 1.0630e-02     2.9926   3.192160    34.5247    27.5161     -0.222    34.5316    34.5246    27.5214    27.5160     2.8871     2.8849    7.47047     3.4980     34.980 0.0000e+00
   1500.000     2.9961   3.193057    34.5323    27.5219    3.99677 1.0630e-02     2.9926   3.192159    34.5252    27.5165     -0.713    34.5323    34.5251    27.5218    27.5164     2.8884     2.8850    7.47021     3.4980     34.980 0.0000e+00
   1499.000     2.9930   3.192572    34.5303    27.5205    3.99603 -9.990e-29     2.9895   3.191648    34.5228    27.5149     -0.436    34.5302    34.5227    27.5204    27.5148     2.8854     2.8820    7.47089     3.4982     34.982 0.0000e+00
   1498.000     2.9909   3.192251    34.5292    27.5198    3.99634 -9.990e-29     2.9873   3.191280    34.5213    27.5138     -0.783    34.5290    34.5211    27.5197    27.5137     2.8835     2.8799    7.47134     3.4983     34.983 0.0000e+00
   1497.000     2.9891   3.191928    34.5277    27.5188    3.99754 1.0630e-02     2.9854   3.190982    34.5202    27.5131     -1.198    34.5276    34.5200    27.5187    27.5130     2.8817     2.8781    7.47175     3.4995     34.995 0.0000e+00
   1496.000     2.9869   3.191609    34.5265    27.5181    3.99492 1.0630e-02     2.9837   3.190696    34.5190    27.5123     -1.396    34.5264    34.5189    27.5180    27.5122     2.8797     2.8765    7.47220     3.5070     35.070 0.0000e+00
   1495.000     2.9865   3.191492    34.5260    27.5177    3.99319 -9.990e-29     2.9832   3.190580    34.5186    27.5120     -1.344    34.5260    34.5185    27.5176    27.5119     2.8794     2.8761    7.47231     3.5087     35.087 0.0000e+00
   1494.000     2.9876   3.191475    34.5251    27.5168    3.99900 1.0630e-02     2.9842   3.190554    34.5176    27.5111     -0.605    34.5251    34.5176    27.5168    27.5111     2.8806     2.8772    7.47214     3.5088     35.088 0.0000e+00
   1493.000     2.9884   3.191442    34.5244    27.5162    4.00291 -9.990e-29     2.9852   3.190555    34.5171    27.5106     -0.460    34.5244    34.5172    27.5162    27.5107     2.8814     2.8782    7.47204     3.5089     35.089 0.0000e+00
   1492.000     2.9889   3.191450    34.5245    27.5162    3.99695 -9.990e-29     2.9859   3.190599    34.5174    27.5108     -0.825    34.5245    34.5174    27.5162    27.5108     2.8820     2.8790    7.47194     3.5089     35.089 0.0000e+00
   1491.000     2.9899   3.191517    34.5247    27.5163    4.00360 1.0630e-02     2.9873   3.190677    34.5173    27.5106     -0.754    34.5247    34.5174    27.5163    27.5107     2.8830     2.8805    7.47174     3.5089     35.089 0.0000e+00
   1490.000     2.9905   3.191506    34.5244    27.5159    4.01046 1.0630e-02     2.9885   3.190723    34.5171    27.5103     -0.811    34.5245    34.5172    27.5160    27.5104     2.8837     2.8818    7.47164     3.5089     35.089 0.0000e+00
   1489.000     2.9920   3.191565    34.5240    27.5155    4.00366 1.0630e-02     2.9902   3.190812    34.5168    27.5099     -1.126    34.5241    34.5169    27.5156    27.5100     2.8853     2.8835    7.47138     3.5089     35.089 0.0000e+00
   1488.000     2.9951   3.191792    34.5238    27.5151    3.99950 1.0630e-02     2.9935   3.191084    34.5170    27.5098     -1.441    34.5241    34.5172    27.5153    27.5099     2.8885     2.8869    7.47080     3.5089     35.089 0.0000e+00
   1487.000     2.9980   3.192024    34.5241    27.5150    3.99841 1.0630e-02     2.9969   3.191323    34.5168    27.5093     -1.642    34.5243    34.5170    27.5152    27.5095     2.8914     2.8903    7.47024     3.5089     35.089 0.0000e+00
   1486.000     2.9992   3.192074    34.5239    27.5147    3.99810 1.0630e-02     2.9964   3.191199    34.5162    27.5089     -1.638    34.5242    34.5165    27.5150    27.5091     2.8926     2.8899    7.47003     3.5089     35.089 0.0000e+00
   1485.000     2.9994   3.191979    34.5231    27.5141    4.00121 -9.990e-29     2.9969   3.191135    34.5155    27.5083     -0.929    34.5233    34.5157    27.5142    27.5084     2.8929     2.8905    7.47003     3.5092     35.092 0.0000e+00
   1484.000     3.0001   3.191986    34.5229    27.5139    4.00558 -9.990e-29     2.9977   3.191147    34.5154    27.5081     -0.990    34.5231    34.5156    27.5140    27.5083     2.8937     2.8914    7.46991     3.5094     35.094 0.0000e+00
   1483.000     3.0002   3.191962    34.5230    27.5139    4.00909 -9.990e-29     2.9987   3.191193    34.5154    27.5080     -1.382    34.5232    34.5156    27.5141    27.5081     2.8939     2.8924    7.46988     3.5094     35.094 0.0000e+00
   1482.000     3.0016   3.192015    34.5226    27.5135    4.01554 -9.990e-29     2.9997   3.191233    34.5153    27.5078     -1.669    34.5228    34.5155    27.5136    27.5080     2.8954     2.8935    7.46963     3.5094     35.094 0.0000e+00
   1481.000     3.0015   3.191911    34.5220    27.5130    4.01530 -9.990e-29     2.9989   3.191002    34.5139    27.5067     -1.890    34.5222    34.5140    27.5132    27.5069     2.8954     2.8928    7.46969     3.5094     35.094 0.0000e+00
   1480.000     3.0020   3.191865    34.5215    27.5125    4.01268 -9.990e-29     2.9990   3.190933    34.5133    27.5063     -2.051    34.5217    34.5135    27.5127    27.5065     2.8959     2.8930    7.46963     3.5094     35.094 0.0000e+00
   1479.000     3.0056   3.192060    34.5204    27.5114    4.00757 -9.990e-29     3.0035   3.191265    34.5131    27.5057     -2.147    34.5207    34.5133    27.5115    27.5059     2.8996     2.8975    7.46899     3.5094     35.094 0.0000e+00
   1478.000     3.0091   3.192288    34.5199    27.5106    4.00350 -9.990e-29     3.0074   3.191549    34.5128    27.5051     -2.125    34.5203    34.5132    27.5109    27.5054     2.9031     2.9015    7.46837     3.5094     35.094 0.0000e+00
   1477.000     3.0099   3.192320    34.5200    27.5106    4.00382 -9.990e-29     3.0089   3.191614    34.5125    27.5048     -1.754    34.5203    34.5128    27.5109    27.5050     2.9040     2.9030    7.46822     3.5095     35.095 0.0000e+00
   1476.000     3.0085   3.192154    34.5201    27.5108    4.01296 -9.990e-29     3.0071   3.191369    34.5122    27.5046     -0.900    34.5202    34.5122    27.5109    27.5047     2.9027     2.9014    7.46847     3.5103     35.103 0.0000e+00
   1475.000     3.0081   3.192070    34.5200    27.5108    4.01327 -9.990e-29     3.0067   3.191313    34.5125    27.5049     -1.449    34.5202    34.5126    27.5109    27.5050     2.9024     2.9010    7.46855     3.5103     35.103 0.0000e+00
   1474.000     3.0086   3.192056    34.5198    27.5106    4.01661 -9.990e-29     3.0076   3.191342    34.5123    27.5047     -1.818    34.5200    34.5124    27.5107    27.5048     2.9030     2.9020    7.46847     3.5103     35.103 0.0000e+00
   1473.000     3.0104   3.192146    34.5195    27.5101    4.01563 -9.990e-29     3.0099   3.191477    34.5120    27.5042     -2.083    34.5196    34.5122    27.5102    27.5043     2.9049     2.9043    7.46815     3.5103     35.103 0.0000e+00
   1472.000     3.0123   3.192249    34.5192    27.5097    4.01549 -9.990e-29     3.0130   3.191642    34.5111    27.5032     -2.236    34.5194    34.5113    27.5099    27.5034     2.9068     2.9075    7.46781     3.5103     35.103 0.0000e+00
   1471.000     3.0139   3.192304    34.5186    27.5092    4.01545 -9.990e-29     3.0152   3.191732    34.5104    27.5024     -2.285    34.5189    34.5106    27.5094    27.5026     2.9085     2.9098    7.46754     3.5103     35.103 0.0000e+00
   1470.000     3.0157   3.192375    34.5180    27.5085    4.01572 -9.990e-29     3.0164   3.191759    34.5099    27.5019     -2.191    34.5183    34.5101    27.5087    27.5021     2.9103     2.9110    7.46722     3.5103     35.103 0.0000e+00
   1469.000     3.0167   3.192381    34.5176    27.5080    4.01821 -9.990e-29     3.0141   3.191488    34.5096    27.5019     -1.220    34.5178    34.5099    27.5082    27.5021     2.9114     2.9088    7.46706     3.5104     35.104 0.0000e+00
   1468.000     3.0155   3.192200    34.5174    27.5080    4.02146 -9.990e-29     3.0123   3.191217    34.5089    27.5015     -0.691    34.5175    34.5090    27.5081    27.5016     2.9103     2.9071    7.46731     3.5106     35.106 0.0000e+00
   1467.000     3.0160   3.192138    34.5165    27.5073    4.01842 -9.990e-29     3.0134   3.191306    34.5092    27.5016     -1.154    34.5167    34.5093    27.5074    27.5017     2.9109     2.9084    7.46726     3.5106     35.106 0.0000e+00
   1466.000     3.0155   3.192053    34.5165    27.5073    4.01837 -9.990e-29     3.0111   3.190921    34.5077    27.5006     -1.123    34.5166    34.5077    27.5073    27.5006     2.9105     2.9061    7.46734     3.5106     35.106 0.0000e+00
   1465.000     3.0103   3.191345    34.5142    27.5059    4.01761 -9.990e-29     3.0032   3.189930    34.5046    27.4988     -0.894    34.5141    34.5046    27.5058    27.4988     2.9054     2.8984    7.46845     3.5106     35.106 0.0000e+00
   1464.000     3.0024   3.190402    34.5119    27.5047    4.01556 -9.990e-29     2.9952   3.188866    34.5010    27.4967     -0.929    34.5116    34.5007    27.5045    27.4964     2.8977     2.8906    7.47005     3.5106     35.106 0.0000e+00
   1463.000     3.0002   3.190019    34.5101    27.5035    4.02050 -9.990e-29     2.9919   3.188456    34.5000    27.4962     -1.161    34.5098    34.4997    27.5032    27.4959     2.8956     2.8875    7.47055     3.5106     35.106 0.0000e+00
   1462.000     2.9943   3.189240    34.5077    27.5021    4.01463 -9.990e-29     2.9891   3.188072    34.4991    27.4956     -1.414    34.5072    34.4986    27.5017    27.4952     2.8899     2.8848    7.47179     3.5106     35.106 0.0000e+00
   1461.000     2.9934   3.189019    34.5064    27.5011    4.00449 1.0630e-02     2.9889   3.187906    34.4977    27.4946     -1.592    34.5059    34.4973    27.5008    27.4942     2.8891     2.8847    7.47202     3.5106     35.106 0.0000e+00
   1460.000     2.9933   3.188846    34.5050    27.5000    4.00585 1.0630e-02     2.9902   3.187915    34.4970    27.4939     -1.620    34.5045    34.4966    27.4996    27.4936     2.8890     2.8860    7.47211     3.5106     35.106 0.0000e+00
   1459.000     2.9947   3.188890    34.5043    27.4993    4.01377 1.0630e-02     2.9935   3.188121    34.4964    27.4931     -0.886    34.5040    34.4961    27.4991    27.4929     2.8905     2.8893    7.47187     3.5107     35.107 0.0000e+00
   1458.000     2.9953   3.188926    34.5045    27.4994    4.01799 -9.990e-29     2.9934   3.188077    34.4963    27.4930     -0.609    34.5043    34.4962    27.4993    27.4929     2.8912     2.8893    7.47175     3.5108     35.108 0.0000e+00
   1457.000     2.9966   3.188940    34.5038    27.4987    4.01292 -9.990e-29     2.9948   3.188161    34.4963    27.4929     -1.017    34.5037    34.4962    27.4986    27.4928     2.8925     2.8908    7.47154     3.5108     35.108 0.0000e+00
   1456.000     2.9980   3.189001    34.5035    27.4984    4.01483 -9.990e-29     2.9959   3.188192    34.4959    27.4924     -1.194    34.5034    34.4958    27.4983    27.4924     2.8940     2.8920    7.47129     3.5108     35.108 0.0000e+00
   1455.000     2.9973   3.188935    34.5032    27.4982    4.01701 -9.990e-29     2.9938   3.187860    34.4946    27.4916     -1.331    34.5034    34.4946    27.4983    27.4916     2.8938     2.8900    7.47134     3.5108     35.108 0.0000e+00
   1454.000     2.9960   3.188603    34.5018    27.4971    4.02572 -9.990e-29     2.9924   3.187575    34.4932    27.4906     -1.474    34.5016    34.4931    27.4970    27.4905     2.8923     2.8887    7.47173     3.5108     35.108 0.0000e+00
   1453.000     2.9953   3.188383    34.5004    27.4961    4.02621 -9.990e-29     2.9911   3.187265    34.4914    27.4893     -1.603    34.5003    34.4913    27.4960    27.4892     2.8916     2.8875    7.47195     3.5108     35.108 0.0000e+00
