Data/ctd/proc_sb/sam03_ctd_7.cnv
* Sea-Bird SBE 9 Data File:
* FileName = D:\samoc03\ctddata\007.hex
* Software Version Seasave V 7.20d
* Temperature SN = 2951
* Conductivity SN = 2657
* Number of Bytes Per Scan = 31
* Number of Voltage Words = 2
* Number of Scans Averaged by the Deck Unit = 1
* NMEA Latitude = 34 29.86 S
* NMEA Longitude = 048 29.65 W
* NMEA UTC (Time) = Jul 10 2010  05:17:47
** Ship: Puerto Deseado
** Station: 007
** Operator: arp
# nquan = 22
# nvalues = 8234                        
# units = specified
# name 0 = prDM: Pressure, Digiquartz [db]
# name 1 = t090C: Temperature [ITS-90, deg C]
# name 2 = c0S/m: Conductivity [S/m]
# name 3 = sal00: Salinity, Practical [PSU]
# name 4 = sigma-é00: Density [sigma-theta, Kg/m^3]
# name 5 = sbeox0ML/L: Oxygen, SBE 43 [ml/l]
# name 6 = flSP: Fluorescence, Seapoint
# name 7 = t190C: Temperature, 2 [ITS-90, deg C]
# name 8 = c1S/m: Conductivity, 2 [S/m]
# name 9 = sal11: Salinity, Practical, 2 [PSU]
# name 10 = sigma-é11: Density, 2 [sigma-theta, Kg/m^3]
# name 11 = dz/dtM: Descent Rate [m/s]
# name 12 = sal00: Salinity, Practical [PSU]
# name 13 = sal11: Salinity, Practical, 2 [PSU]
# name 14 = sigma-é00: Density [sigma-theta, Kg/m^3]
# name 15 = sigma-é11: Density, 2 [sigma-theta, Kg/m^3]
# name 16 = potemp090C: Potential Temperature [ITS-90, deg C]
# name 17 = potemp190C: Potential Temperature, 2 [ITS-90, deg C]
# name 18 = oxsatML/L: Oxygen Saturation, Weiss [ml/l]
# name 19 = dm: Dynamic Meters [10 J/Kg]
# name 20 = gpa: Geopotential Anomaly [J/Kg]
# name 21 = flag: flag
# span 0 =      1.000,   4119.000       
# span 1 =     0.2316,    18.9460       
# span 2 =   3.062645,   4.840057       
# span 3 =    34.2567,    36.2484       
# span 4 =    25.7591,    27.8475       
# span 5 =    3.14440,    5.42406       
# span 6 = -1.696e-03, 4.1329e-01       
# span 7 =     0.2298,    18.9466       
# span 8 =   3.061865,   4.839381       
# span 9 =    34.2487,    36.2374       
# span 10 =    25.9840,    27.8414      
# span 11 =   -521.335,    673.286      
# span 12 =    34.2549,    36.2486      
# span 13 =    34.2465,    36.2376      
# span 14 =    25.7588,    27.8475      
# span 15 =    25.9867,    27.8414      
# span 16 =    -0.0616,    18.9205      
# span 17 =    -0.0634,    18.9211      
# span 18 =    5.22866,    8.01356      
# span 19 =     0.0006,     4.4271      
# span 20 =      0.006,     44.271      
# span 21 = 0.0000e+00, 0.0000e+00      
# interval = decibars: 1                
# start_time = Jul 10 2010 05:17:47
# bad_flag = -9.990e-29
*END*
[from data line 2634]
   2638.000     3.0672   3.276892    34.9166    27.8321    5.29294 1.0630e-02     3.0648   3.276030    34.9089    27.8262      0.336    34.9164    34.9087    27.8320    27.8260     2.8524     2.8500    7.43779     3.0626     30.626 0.0000e+00
   2639.000     3.0674   3.276956    34.9167    27.8321    5.29017 1.0630e-02     3.0647   3.276079    34.9091    27.8263      0.644    34.9165    34.9089    27.8320    27.8262     2.8525     2.8499    7.43775     3.0631     30.631 0.0000e+00
   2640.000     3.0678   3.277053    34.9169    27.8323    5.28048 1.0630e-02     3.0654   3.276191    34.9092    27.8264      1.107    34.9168    34.9091    27.8322    27.8263     2.8527     2.8504    7.43767     3.0635     30.635 0.0000e+00
   2641.000     3.0677   3.277069    34.9167    27.8322    5.27429 1.0630e-02     3.0653   3.276223    34.9092    27.8264      1.379    34.9166    34.9091    27.8321    27.8263     2.8526     2.8502    7.43769     3.0640     30.640 0.0000e+00
   2642.000     3.0661   3.276958    34.9167    27.8323    5.28057 1.0630e-02     3.0635   3.276068    34.9088    27.8263      1.492    34.9165    34.9087    27.8322    27.8261     2.8509     2.8484    7.43799     3.0645     30.645 0.0000e+00
   2643.000     3.0625   3.276624    34.9162    27.8323    5.29233 1.0630e-02     3.0603   3.275769    34.9083    27.8261      1.542    34.9160    34.9081    27.8321    27.8260     2.8473     2.8451    7.43868     3.0649     30.649 0.0000e+00
   2644.000     3.0541   3.275874    34.9158    27.8327    5.29112 -9.990e-29     3.0516   3.274963    34.9077    27.8264      1.578    34.9154    34.9072    27.8323    27.8260     2.8389     2.8365    7.44029     3.0654     30.654 0.0000e+00
   2645.000     3.0477   3.275320    34.9157    27.8332    5.28988 -9.990e-29     3.0455   3.274460    34.9077    27.8270      1.519    34.9151    34.9071    27.8327    27.8265     2.8325     2.8304    7.44150     3.0659     30.659 0.0000e+00
   2646.000     3.0440   3.275016    34.9155    27.8334    5.28910 -9.990e-29     3.0415   3.274137    34.9077    27.8273      1.349    34.9149    34.9070    27.8328    27.8268     2.8288     2.8264    7.44219     3.0663     30.663 0.0000e+00
   2647.000     3.0429   3.274940    34.9153    27.8333    5.28355 1.0630e-02     3.0402   3.274048    34.9075    27.8273      0.725    34.9147    34.9069    27.8328    27.8268     2.8276     2.8250    7.44241     3.0668     30.668 0.0000e+00
   2648.000     3.0400   3.274715    34.9150    27.8334    5.29404 1.0630e-02     3.0375   3.273837    34.9072    27.8273      0.432    34.9145    34.9068    27.8329    27.8270     2.8247     2.8223    7.44294     3.0672     30.672 0.0000e+00
   2649.000     3.0368   3.274457    34.9149    27.8335    5.28511 1.0630e-02     3.0346   3.273594    34.9070    27.8275      0.860    34.9144    34.9065    27.8331    27.8270     2.8215     2.8193    7.44355     3.0677     30.677 0.0000e+00
   2650.000     3.0348   3.274321    34.9150    27.8338    5.28566 1.0630e-02     3.0322   3.273434    34.9072    27.8278      1.178    34.9144    34.9066    27.8333    27.8273     2.8194     2.8169    7.44392     3.0682     30.682 0.0000e+00
   2651.000     3.0338   3.274257    34.9148    27.8337    5.28055 1.0630e-02     3.0314   3.273369    34.9068    27.8276      1.380    34.9143    34.9063    27.8333    27.8271     2.8183     2.8160    7.44411     3.0686     30.686 0.0000e+00
   2652.000     3.0301   3.273934    34.9145    27.8338    5.27867 1.0630e-02     3.0275   3.273034    34.9065    27.8277      1.484    34.9139    34.9059    27.8333    27.8272     2.8146     2.8121    7.44483     3.0691     30.691 0.0000e+00
   2653.000     3.0264   3.273622    34.9143    27.8340    5.28345 1.0630e-02     3.0238   3.272736    34.9064    27.8279      1.531    34.9136    34.9058    27.8335    27.8274     2.8109     2.8084    7.44554     3.0696     30.696 0.0000e+00
   2654.000     3.0222   3.273265    34.9141    27.8342    5.29070 1.0630e-02     3.0197   3.272380    34.9062    27.8281      1.529    34.9134    34.9054    27.8336    27.8275     2.8066     2.8042    7.44633     3.0700     30.700 0.0000e+00
   2655.000     3.0197   3.273086    34.9141    27.8344    5.28354 1.0630e-02     3.0174   3.272233    34.9063    27.8285      1.436    34.9133    34.9056    27.8338    27.8279     2.8041     2.8019    7.44679     3.0705     30.705 0.0000e+00
   2656.000     3.0193   3.273086    34.9140    27.8344    5.28177 1.0630e-02     3.0167   3.272210    34.9062    27.8284      1.172    34.9133    34.9056    27.8339    27.8279     2.8036     2.8011    7.44687     3.0709     30.709 0.0000e+00
   2657.000     3.0186   3.273061    34.9139    27.8344    5.28042 1.0630e-02     3.0160   3.272175    34.9061    27.8284      0.899    34.9133    34.9055    27.8339    27.8279     2.8029     2.8003    7.44699     3.0714     30.714 0.0000e+00
   2658.000     3.0181   3.273061    34.9139    27.8344    5.28429 -9.990e-29     3.0154   3.272171    34.9061    27.8284      0.903    34.9134    34.9056    27.8340    27.8281     2.8022     2.7997    7.44709     3.0719     30.719 0.0000e+00
   2659.000     3.0170   3.272983    34.9136    27.8343    5.29166 -9.990e-29     3.0144   3.272100    34.9059    27.8284      0.995    34.9132    34.9054    27.8340    27.8280     2.8010     2.7985    7.44731     3.0723     30.723 0.0000e+00
   2660.000     3.0146   3.272800    34.9135    27.8345    5.27735 -9.990e-29     3.0120   3.271928    34.9059    27.8286      1.029    34.9130    34.9054    27.8341    27.8282     2.7986     2.7961    7.44776     3.0728     30.728 0.0000e+00
   2661.000     3.0122   3.272612    34.9133    27.8346    5.28316 1.0630e-02     3.0092   3.271686    34.9055    27.8286      1.035    34.9128    34.9050    27.8342    27.8282     2.7962     2.7932    7.44821     3.0732     30.732 0.0000e+00
   2662.000     3.0082   3.272271    34.9132    27.8348    5.27790 1.0630e-02     3.0053   3.271365    34.9053    27.8288      1.031    34.9126    34.9048    27.8343    27.8283     2.7921     2.7893    7.44898     3.0737     30.737 0.0000e+00
   2663.000     3.0060   3.272106    34.9130    27.8349    5.28417 1.0630e-02     3.0038   3.271275    34.9054    27.8290      0.988    34.9125    34.9048    27.8345    27.8285     2.7899     2.7878    7.44940     3.0741     30.741 0.0000e+00
   2664.000     3.0031   3.271892    34.9130    27.8351    5.28355 1.0630e-02     3.0011   3.271045    34.9050    27.8289      0.976    34.9124    34.9045    27.8347    27.8285     2.7870     2.7850    7.44992     3.0746     30.746 0.0000e+00
   2665.000     3.0024   3.271864    34.9129    27.8351    5.27057 1.0630e-02     2.9994   3.270950    34.9052    27.8293      1.076    34.9124    34.9047    27.8348    27.8289     2.7861     2.7832    7.45007     3.0751     30.751 0.0000e+00
   2666.000     3.0019   3.271859    34.9129    27.8352    5.27103 1.0630e-02     2.9992   3.270989    34.9053    27.8294      1.232    34.9125    34.9049    27.8348    27.8290     2.7856     2.7830    7.45016     3.0755     30.755 0.0000e+00
   2667.000     3.0022   3.271922    34.9128    27.8351    5.27857 1.0630e-02     2.9994   3.271014    34.9050    27.8291      1.357    34.9124    34.9046    27.8348    27.8287     2.7858     2.7830    7.45010     3.0760     30.760 0.0000e+00
   2668.000     3.0008   3.271826    34.9127    27.8351    5.28658 1.0630e-02     2.9978   3.270893    34.9048    27.8291      1.366    34.9123    34.9043    27.8348    27.8287     2.7843     2.7814    7.45037     3.0764     30.764 0.0000e+00
   2669.000     2.9983   3.271628    34.9125    27.8352    5.28265 1.0630e-02     2.9957   3.270740    34.9047    27.8292      1.151    34.9121    34.9043    27.8349    27.8289     2.7817     2.7792    7.45084     3.0769     30.769 0.0000e+00
   2670.000     2.9946   3.271319    34.9123    27.8354    5.27293 1.0630e-02     2.9919   3.270419    34.9044    27.8293      0.718    34.9119    34.9040    27.8350    27.8290     2.7780     2.7754    7.45155     3.0774     30.774 0.0000e+00
   2671.000     2.9918   3.271102    34.9122    27.8356    5.27459 1.0630e-02     2.9892   3.270215    34.9044    27.8296      0.738    34.9118    34.9040    27.8352    27.8292     2.7752     2.7726    7.45207     3.0778     30.778 0.0000e+00
   2672.000     2.9902   3.270995    34.9123    27.8358    5.28435 1.0630e-02     2.9877   3.270126    34.9045    27.8298      1.011    34.9118    34.9040    27.8354    27.8294     2.7735     2.7711    7.45238     3.0783     30.783 0.0000e+00
   2673.000     2.9899   3.271019    34.9123    27.8358    5.28606 1.0630e-02     2.9874   3.270145    34.9045    27.8298      1.244    34.9119    34.9041    27.8355    27.8295     2.7731     2.7707    7.45242     3.0787     30.787 0.0000e+00
   2674.000     2.9898   3.271037    34.9122    27.8358    5.28227 1.0630e-02     2.9872   3.270151    34.9043    27.8296      1.391    34.9118    34.9039    27.8354    27.8293     2.7728     2.7704    7.45246     3.0792     30.792 0.0000e+00
   2675.000     2.9874   3.270846    34.9119    27.8358    5.28486 1.0630e-02     2.9847   3.269950    34.9042    27.8298      1.428    34.9115    34.9037    27.8355    27.8294     2.7704     2.7678    7.45291     3.0797     30.797 0.0000e+00
   2676.000     2.9858   3.270733    34.9119    27.8359    5.27833 1.0630e-02     2.9833   3.269854    34.9040    27.8298      1.268    34.9115    34.9036    27.8355    27.8295     2.7687     2.7663    7.45322     3.0801     30.801 0.0000e+00
   2677.000     2.9840   3.270603    34.9117    27.8359    5.27320 1.0630e-02     2.9815   3.269738    34.9040    27.8300      0.798    34.9113    34.9036    27.8356    27.8297     2.7669     2.7645    7.45356     3.0806     30.806 0.0000e+00
   2678.000     2.9822   3.270469    34.9116    27.8359    5.28328 1.0630e-02     2.9797   3.269585    34.9036    27.8298      0.674    34.9111    34.9032    27.8356    27.8295     2.7650     2.7626    7.45390     3.0810     30.810 0.0000e+00
   2679.000     2.9766   3.269983    34.9113    27.8362    5.27216 1.0630e-02     2.9743   3.269097    34.9032    27.8300      0.944    34.9108    34.9027    27.8358    27.8296     2.7595     2.7572    7.45496     3.0815     30.815 0.0000e+00
   2680.000     2.9698   3.269390    34.9111    27.8367    5.26263 1.0630e-02     2.9674   3.268521    34.9033    27.8306      1.170    34.9104    34.9026    27.8362    27.8301     2.7527     2.7504    7.45626     3.0819     30.819 0.0000e+00
   2681.000     2.9671   3.269177    34.9110    27.8368    5.27421 1.0630e-02     2.9646   3.268310    34.9033    27.8309      1.292    34.9103    34.9026    27.8363    27.8304     2.7499     2.7475    7.45677     3.0824     30.824 0.0000e+00
   2682.000     2.9660   3.269114    34.9109    27.8369    5.28217 1.0630e-02     2.9634   3.268223    34.9030    27.8308      1.291    34.9103    34.9024    27.8364    27.8303     2.7487     2.7462    7.45698     3.0829     30.829 0.0000e+00
   2683.000     2.9641   3.268974    34.9107    27.8369    5.27246 1.0630e-02     2.9613   3.268067    34.9029    27.8309      1.219    34.9101    34.9023    27.8364    27.8304     2.7468     2.7440    7.45733     3.0833     30.833 0.0000e+00
   2684.000     2.9632   3.268924    34.9105    27.8369    5.26896 1.0630e-02     2.9599   3.267979    34.9028    27.8310      1.204    34.9100    34.9022    27.8364    27.8305     2.7458     2.7426    7.45750     3.0838     30.838 0.0000e+00
   2685.000     2.9623   3.268882    34.9106    27.8369    5.27319 -9.990e-29     2.9597   3.267984    34.9026    27.8308      1.262    34.9100    34.9021    27.8365    27.8304     2.7448     2.7423    7.45768     3.0842     30.842 0.0000e+00
   2686.000     2.9617   3.268865    34.9104    27.8369    5.27295 -9.990e-29     2.9594   3.268020    34.9029    27.8311      1.291    34.9099    34.9024    27.8365    27.8307     2.7442     2.7419    7.45779     3.0847     30.847 0.0000e+00
   2687.000     2.9621   3.268932    34.9103    27.8368    5.27975 -9.990e-29     2.9597   3.268078    34.9026    27.8308      1.110    34.9099    34.9022    27.8365    27.8305     2.7444     2.7422    7.45772     3.0851     30.851 0.0000e+00
   2688.000     2.9622   3.268973    34.9102    27.8367    5.27947 -9.990e-29     2.9596   3.268092    34.9024    27.8307      0.515    34.9099    34.9020    27.8365    27.8304     2.7444     2.7419    7.45771     3.0856     30.856 0.0000e+00
   2689.000     2.9618   3.268988    34.9103    27.8368    5.27290 -9.990e-29     2.9592   3.268121    34.9026    27.8309      0.703    34.9100    34.9024    27.8366    27.8307     2.7439     2.7414    7.45777     3.0860     30.860 0.0000e+00
   2690.000     2.9612   3.268964    34.9102    27.8368    5.27366 -9.990e-29     2.9584   3.268076    34.9025    27.8309      1.076    34.9099    34.9022    27.8366    27.8306     2.7432     2.7406    7.45790     3.0865     30.865 0.0000e+00
   2691.000     2.9580   3.268683    34.9097    27.8367    5.27368 -9.990e-29     2.9554   3.267788    34.9018    27.8307      1.315    34.9094    34.9015    27.8365    27.8304     2.7400     2.7375    7.45851     3.0870     30.870 0.0000e+00
   2692.000     2.9525   3.268221    34.9098    27.8373    5.27087 -9.990e-29     2.9510   3.267442    34.9020    27.8311      1.356    34.9093    34.9015    27.8369    27.8308     2.7345     2.7331    7.45955     3.0874     30.874 0.0000e+00
   2693.000     2.9512   3.268137    34.9096    27.8373    5.27617 -9.990e-29     2.9489   3.267285    34.9019    27.8313      1.173    34.9092    34.9014    27.8369    27.8309     2.7331     2.7309    7.45980     3.0879     30.879 0.0000e+00
   2694.000     2.9506   3.268125    34.9096    27.8373    5.28154 -9.990e-29     2.9482   3.267258    34.9018    27.8313      1.052    34.9092    34.9014    27.8370    27.8310     2.7324     2.7301    7.45991     3.0883     30.883 0.0000e+00
   2695.000     2.9500   3.268105    34.9096    27.8373    5.27562 -9.990e-29     2.9475   3.267237    34.9018    27.8314      1.145    34.9092    34.9015    27.8370    27.8311     2.7317     2.7293    7.46003     3.0888     30.888 0.0000e+00
   2696.000     2.9492   3.268054    34.9093    27.8373    5.26757 -9.990e-29     2.9466   3.267195    34.9018    27.8314      1.306    34.9090    34.9014    27.8369    27.8311     2.7308     2.7284    7.46019     3.0892     30.892 0.0000e+00
   2697.000     2.9497   3.268156    34.9095    27.8374    5.26620 -9.990e-29     2.9468   3.267242    34.9017    27.8313      1.417    34.9092    34.9014    27.8371    27.8311     2.7312     2.7284    7.46008     3.0897     30.897 0.0000e+00
   2698.000     2.9494   3.268159    34.9094    27.8373    5.27734 -9.990e-29     2.9470   3.267310    34.9017    27.8314      1.360    34.9091    34.9015    27.8370    27.8311     2.7308     2.7285    7.46014     3.0901     30.901 0.0000e+00
   2699.000     2.9490   3.268145    34.9092    27.8371    5.27840 -9.990e-29     2.9462   3.267257    34.9014    27.8312      0.870    34.9089    34.9012    27.8369    27.8310     2.7303     2.7277    7.46023     3.0906     30.906 0.0000e+00
   2700.000     2.9483   3.268133    34.9092    27.8372    5.27704 1.0630e-02     2.9455   3.267246    34.9016    27.8314      0.483    34.9090    34.9013    27.8371    27.8312     2.7296     2.7269    7.46035     3.0911     30.911 0.0000e+00
   2701.000     2.9480   3.268135    34.9091    27.8372    5.27247 1.0630e-02     2.9448   3.267194    34.9012    27.8311      0.793    34.9089    34.9010    27.8370    27.8310     2.7292     2.7261    7.46041     3.0915     30.915 0.0000e+00
   2702.000     2.9437   3.267777    34.9090    27.8375    5.26240 1.0630e-02     2.9410   3.266878    34.9010    27.8314      1.067    34.9087    34.9007    27.8372    27.8311     2.7249     2.7223    7.46122     3.0920     30.920 0.0000e+00
