Data/ctd/proc_sb/sam03_ctd_4.cnv
* Sea-Bird SBE 9 Data File:
* FileName = D:\samoc03\ctddata\004.hex
* Software Version Seasave V 7.20d
* Temperature SN = 2951
* Conductivity SN = 2657
* Number of Bytes Per Scan = 31
* Number of Voltage Words = 2
* Number of Scans Averaged by the Deck Unit = 1
* NMEA Latitude = 34 30.07 S
* NMEA Longitude = 051 29.77 W
* NMEA UTC (Time) = Jul 07 2010  18:29:52
** Ship: Puerto Deseado
** Station: 004
** Operator: AnaP
** 1era estación de la pierna de las pies. CTD de SHN
# nquan = 22
# nvalues = 2728                        
# units = specified
# name 0 = prDM: Pressure, Digiquartz [db]
# name 1 = t090C: Temperature [ITS-90, deg C]
# name 2 = c0S/m: Conductivity [S/m]
# name 3 = sal00: Salinity, Practical [PSU]
# name 4 = sigma-é00: Density [sigma-theta, Kg/m^3]
# name 5 = sbeox0ML/L: Oxygen, SBE 43 [ml/l]
# name 6 = flSP: Fluorescence, Seapoint
# name 7 = t190C: Temperature, 2 [ITS-90, deg C]
# name 8 = c1S/m: Conductivity, 2 [S/m]
# name 9 = sal11: Salinity, Practical, 2 [PSU]
# name 10 = sigma-é11: Density, 2 [sigma-theta, Kg/m^3]
# name 11 = dz/dtM: Descent Rate [m/s]
# name 12 = sal00: Salinity, Practical [PSU]
# name 13 = sal11: Salinity, Practical, 2 [PSU]
# name 14 = sigma-é00: Density [sigma-theta, Kg/m^3]
# name 15 = sigma-é11: Density, 2 [sigma-theta, Kg/m^3]
# name 16 = potemp090C: Potential Temperature [ITS-90, deg C]
# name 17 = potemp190C: Potential Temperature, 2 [ITS-90, deg C]
# name 18 = oxsatML/L: Oxygen Saturation, Weiss [ml/l]
# name 19 = dm: Dynamic Meters [10 J/Kg]
# name 20 = gpa: Geopotential Anomaly [J/Kg]
# name 21 = flag: flag
# span 0 =      1.000,   1366.000       
# span 1 =     2.9860,    20.2095       
# span 2 =   3.172575,   4.962269       
# span 3 =    29.5590,    36.2118       
# span 4 =    21.6704,    27.4507       
# span 5 =   -2.19709,   -1.25092       
# span 6 = -8.004e-04, 1.3306e+00       
# span 7 =     2.9833,    20.2112       
# span 8 =   3.171706,   4.961221       
# span 9 =    28.3476,    36.1987       
# span 10 =    20.7416,    27.4452      
# span 11 =     -2.000,      1.772      
# span 12 =    29.5883,    36.2123      
# span 13 =    28.2362,    36.1992      
# span 14 =    21.6929,    27.4507      
# span 15 =    20.6563,    27.4452      
# span 16 =     2.8970,    20.1948      
# span 17 =     2.8937,    20.1964      
# span 18 =    5.10918,    7.47780      
# span 19 =     0.0013,     2.8166      
# span 20 =      0.013,     28.166      
# span 21 = 0.0000e+00, 0.0000e+00      
# interval = decibars: 1                
# start_time = Jul 07 2010 18:29:52
# bad_flag = -9.990e-29
*END*
[from data line 396]
    400.000     7.5149   3.549549    34.5150    26.9697   -1.72258 -9.990e-29     7.5141   3.548684    34.5064    26.9631      1.001    34.5165    34.5079    26.9709    26.9642     7.4756     7.4748    6.70222     0.7994      7.994 0.0000e+00
    401.000     7.5125   3.549337    34.5148    26.9699   -1.72273 -9.990e-29     7.5107   3.548376    34.5061    26.9633      1.221    34.5160    34.5074    26.9708    26.9643     7.4731     7.4714    6.70260     0.8005      8.005 0.0000e+00
    402.000     7.5016   3.548179    34.5129    26.9700   -1.72401 -9.990e-29     7.4999   3.547177    34.5038    26.9631      1.337    34.5138    34.5046    26.9707    26.9637     7.4622     7.4605    6.70438     0.8016      8.016 0.0000e+00
    403.000     7.4852   3.546477    34.5110    26.9708   -1.72432 -9.990e-29     7.4827   3.545370    34.5013    26.9636      1.381    34.5112    34.5016    26.9710    26.9638     7.4457     7.4432    6.70703     0.8028      8.028 0.0000e+00
    404.000     7.4759   3.545565    34.5101    26.9715   -1.72469 -9.990e-29     7.4722   3.544426    34.5014    26.9651      1.377    34.5101    34.5014    26.9714    26.9651     7.4363     7.4327    6.70852     0.8039      8.039 0.0000e+00
    405.000     7.4665   3.544614    34.5089    26.9719   -1.72687 -9.990e-29     7.4541   3.542504    34.4983    26.9653      0.892    34.5086    34.4980    26.9716    26.9651     7.4268     7.4145    6.71004     0.8051      8.051 0.0000e+00
    406.000     7.4273   3.540458    34.5031    26.9729   -1.73482 -9.990e-29     7.4236   3.539287    34.4940    26.9663      0.332    34.5019    34.4928    26.9720    26.9654     7.3877     7.3840    6.71639     0.8062      8.062 0.0000e+00
    407.000     7.4039   3.537962    34.4991    26.9731   -1.73806 -9.990e-29     7.3980   3.536343    34.4876    26.9648      0.620    34.4976    34.4859    26.9719    26.9635     7.3643     7.3584    6.72021     0.8074      8.074 0.0000e+00
    408.000     7.3568   3.532792    34.4905    26.9730   -1.73688 -9.990e-29     7.3587   3.532191    34.4822    26.9662      0.990    34.4876    34.4793    26.9707    26.9639     7.3173     7.3191    6.72794     0.8085      8.085 0.0000e+00
    409.000     7.3223   3.529055    34.4843    26.9731   -1.73529 -9.990e-29     7.3206   3.527524    34.4695    26.9616      1.244    34.4808    34.4658    26.9703    26.9587     7.2827     7.2810    6.73362     0.8097      8.097 0.0000e+00
    410.000     7.2131   3.517458    34.4688    26.9761   -1.72976 -9.990e-29     7.2178   3.516903    34.4580    26.9669      1.310    34.4625    34.4518    26.9712    26.9621     7.1738     7.1785    6.75144     0.8108      8.108 0.0000e+00
    411.000     7.1641   3.512291    34.4607    26.9766   -1.73515 6.5600e-03     7.1463   3.509218    34.4448    26.9665      0.930    34.4545    34.4386    26.9717    26.9617     7.1248     7.1071    6.75948     0.8123      8.123 0.0000e+00
    412.000     7.0706   3.502319    34.4450    26.9771   -1.75214 7.4098e-03     7.0581   3.499970    34.4317    26.9685      0.912    34.4380    34.4247    26.9717    26.9629     7.0316     7.0191    6.77487     0.8143      8.143 0.0000e+00
    413.000     6.9701   3.491196    34.4248    26.9751   -1.74131 1.0636e-02     6.9670   3.489189    34.4061    26.9609      1.188    34.4157    34.3969    26.9679    26.9535     6.9313     6.9281    6.79171     0.8155      8.155 0.0000e+00
    414.000     6.7771   3.471217    34.4021    26.9834   -1.73756 -9.990e-29     6.7745   3.469250    34.3828    26.9686      1.295    34.3882    34.3692    26.9724    26.9578     6.7388     6.7362    6.82354     0.8166      8.166 0.0000e+00
    415.000     6.6232   3.455457    34.3823    26.9884   -1.75275 -9.990e-29     6.6143   3.453319    34.3676    26.9779      0.972    34.3676    34.3529    26.9768    26.9664     6.5853     6.5764    6.84906     0.8184      8.184 0.0000e+00
    416.000     6.5658   3.449525    34.3713    26.9874   -1.77202 1.1308e-02     6.5677   3.448870    34.3621    26.9799      0.793    34.3590    34.3498    26.9776    26.9701     6.5280     6.5299    6.85866     0.8202      8.202 0.0000e+00
    417.000     6.5742   3.450487    34.3710    26.9861   -1.77464 9.6280e-03     6.5815   3.450479    34.3635    26.9792      0.898    34.3607    34.3533    26.9780    26.9711     6.5362     6.5436    6.85724     0.8213      8.213 0.0000e+00
    418.000     6.5454   3.447319    34.3637    26.9841   -1.77848 1.1114e-02     6.5521   3.446907    34.3523    26.9743      0.937    34.3540    34.3427    26.9764    26.9667     6.5075     6.5141    6.86217     0.8224      8.224 0.0000e+00
    419.000     6.4561   3.438074    34.3508    26.9857   -1.78046 1.1462e-02     6.4439   3.435778    34.3375    26.9768      0.755    34.3404    34.3271    26.9775    26.9686     6.4183     6.4062    6.87718     0.8236      8.236 0.0000e+00
    420.000     6.3549   3.427631    34.3361    26.9873   -1.78201 -9.990e-29     6.3526   3.426237    34.3230    26.9772      0.552    34.3253    34.3121    26.9788    26.9686     6.3174     6.3151    6.89425     0.8247      8.247 0.0000e+00
    421.000     6.2595   3.418016    34.3242    26.9902   -1.78516 -9.990e-29     6.2562   3.416806    34.3139    26.9825      0.509    34.3135    34.3033    26.9818    26.9741     6.2222     6.2190    6.91029     0.8258      8.258 0.0000e+00
    422.000     6.2204   3.414084    34.3172    26.9897   -1.78728 -9.990e-29     6.2168   3.412814    34.3066    26.9818      0.427    34.3084    34.2978    26.9828    26.9749     6.1832     6.1796    6.91690     0.8270      8.270 0.0000e+00
    423.000     6.1577   3.407768    34.3089    26.9912   -1.78886 -9.990e-29     6.1538   3.406449    34.2980    26.9832      0.552    34.3004    34.2895    26.9845    26.9764     6.1205     6.1167    6.92751     0.8281      8.281 0.0000e+00
    424.000     6.1263   3.404696    34.3045    26.9917   -1.78955 -9.990e-29     6.1234   3.403569    34.2947    26.9844      0.486    34.2971    34.2874    26.9859    26.9786     6.0892     6.0863    6.93280     0.8292      8.292 0.0000e+00
    425.000     6.1145   3.403670    34.3038    26.9927   -1.78967 -9.990e-29     6.1128   3.402653    34.2941    26.9852      0.862    34.2970    34.2873    26.9873    26.9798     6.0774     6.0757    6.93474     0.8303      8.303 0.0000e+00
    426.000     6.0978   3.402198    34.3031    26.9943   -1.78990 -9.990e-29     6.0959   3.401149    34.2933    26.9867      1.040    34.2968    34.2869    26.9892    26.9817     6.0606     6.0587    6.93748     0.8315      8.315 0.0000e+00
    427.000     6.0864   3.401151    34.3012    26.9942   -1.79033 -9.990e-29     6.0846   3.400159    34.2919    26.9871      0.560    34.2961    34.2867    26.9901    26.9830     6.0492     6.0474    6.93939     0.8326      8.326 0.0000e+00
    428.000     6.0786   3.400457    34.2992    26.9936   -1.79164 -9.990e-29     6.0767   3.399474    34.2900    26.9866      0.306    34.2957    34.2865    26.9908    26.9838     6.0413     6.0394    6.94069     0.8337      8.337 0.0000e+00
    429.000     6.0693   3.399591    34.2975    26.9935   -1.79290 -9.990e-29     6.0676   3.398588    34.2880    26.9862      0.407    34.2948    34.2853    26.9913    26.9841     6.0320     6.0303    6.94225     0.8348      8.348 0.0000e+00
    430.000     6.0630   3.399031    34.2969    26.9938   -1.79286 -9.990e-29     6.0615   3.398085    34.2878    26.9868      0.805    34.2944    34.2853    26.9918    26.9848     6.0256     6.0241    6.94331     0.8359      8.359 0.0000e+00
    431.000     6.0586   3.398636    34.2962    26.9938   -1.79264 -9.990e-29     6.0571   3.397683    34.2871    26.9868      1.084    34.2938    34.2847    26.9920    26.9849     6.0211     6.0196    6.94405     0.8370      8.370 0.0000e+00
    432.000     6.0541   3.398232    34.2956    26.9940   -1.79204 -9.990e-29     6.0524   3.397248    34.2864    26.9868      1.214    34.2934    34.2841    26.9922    26.9850     6.0165     6.0148    6.94481     0.8382      8.382 0.0000e+00
    433.000     6.0471   3.397616    34.2953    26.9946   -1.79144 -9.990e-29     6.0452   3.396633    34.2861    26.9876      1.103    34.2931    34.2840    26.9929    26.9859     6.0094     6.0076    6.94599     0.8393      8.393 0.0000e+00
    434.000     6.0551   3.398486    34.2951    26.9935   -1.79503 -9.990e-29     6.0456   3.396887    34.2868    26.9880      0.811    34.2942    34.2859    26.9927    26.9873     6.0174     6.0079    6.94461     0.8416      8.416 0.0000e+00
    435.000     6.0610   3.399498    34.2996    26.9964   -1.79430 -9.990e-29     6.0600   3.398677    34.2910    26.9900      1.189    34.2991    34.2909    26.9959    26.9895     6.0232     6.0222    6.94342     0.8427      8.427 0.0000e+00
    436.000     6.0487   3.398484    34.3006    26.9986   -1.79394 -9.990e-29     6.0470   3.397425    34.2904    26.9908      1.343    34.2997    34.2895    26.9979    26.9901     6.0108     6.0091    6.94542     0.8438      8.438 0.0000e+00
    437.000     6.0324   3.396956    34.2999    27.0001   -1.79397 -9.990e-29     6.0307   3.395927    34.2900    26.9925      1.398    34.2985    34.2886    26.9990    26.9914     5.9945     5.9928    6.94815     0.8449      8.449 0.0000e+00
    438.000     6.0276   3.396428    34.2980    26.9992   -1.79659 -9.990e-29     6.0131   3.394086    34.2863    26.9918      0.686    34.2969    34.2852    26.9984    26.9909     5.9896     5.9752    6.94902     0.8462      8.462 0.0000e+00
    439.000     6.0035   3.394269    34.2980    27.0022   -1.79887 -9.990e-29     5.9735   3.390714    34.2882    26.9983      0.421    34.2964    34.2868    27.0010    26.9972     5.9655     5.9356    6.95300     0.8473      8.473 0.0000e+00
    440.000     5.9746   3.391656    34.2976    27.0056   -1.80412 -9.990e-29     5.9732   3.390698    34.2883    26.9985      0.558    34.2957    34.2865    27.0041    26.9970     5.9366     5.9351    6.95779     0.8484      8.484 0.0000e+00
    441.000     5.9640   3.390591    34.2958    27.0055   -1.80645 -9.990e-29     5.9629   3.389654    34.2863    26.9982      0.637    34.2940    34.2845    27.0041    26.9967     5.9259     5.9248    6.95963     0.8495      8.495 0.0000e+00
    442.000     5.8951   3.383551    34.2871    27.0073   -1.80767 -9.990e-29     5.8928   3.382170    34.2739    26.9977      0.479    34.2838    34.2706    27.0047    26.9945     5.8572     5.8549    6.97148     0.8507      8.507 0.0000e+00
    443.000     5.8199   3.375981    34.2791    27.0102   -1.80815 -9.990e-29     5.8193   3.375031    34.2690    27.0023      0.801    34.2740    34.2639    27.0063    26.9984     5.7821     5.7816    6.98440     0.8518      8.518 0.0000e+00
    444.000     5.8028   3.374333    34.2770    27.0107   -1.80866 -9.990e-29     5.8015   3.373358    34.2673    27.0032      0.960    34.2722    34.2625    27.0070    26.9994     5.7650     5.7637    6.98733     0.8529      8.529 0.0000e+00
    445.000     5.7863   3.372708    34.2742    27.0106   -1.80922 -9.990e-29     5.7832   3.371580    34.2646    27.0034      0.647    34.2700    34.2604    27.0072    27.0000     5.7485     5.7454    6.99016     0.8540      8.540 0.0000e+00
    446.000     5.7732   3.371428    34.2720    27.0104   -1.80954 -9.990e-29     5.7703   3.370321    34.2624    27.0032      0.542    34.2684    34.2588    27.0076    27.0003     5.7353     5.7325    6.99243     0.8551      8.551 0.0000e+00
    447.000     5.7589   3.370038    34.2693    27.0101   -1.81060 -9.990e-29     5.7542   3.368784    34.2599    27.0032      0.327    34.2666    34.2572    27.0080    27.0011     5.7210     5.7163    6.99488     0.8562      8.562 0.0000e+00
    448.000     5.7464   3.368860    34.2676    27.0103   -1.81145 -9.990e-29     5.7457   3.368008    34.2586    27.0033      0.405    34.2655    34.2565    27.0086    27.0016     5.7084     5.7078    6.99702     0.8573      8.573 0.0000e+00
    449.000     5.7458   3.368863    34.2675    27.0103   -1.81134 -9.990e-29     5.7443   3.367947    34.2586    27.0034      0.766    34.2656    34.2568    27.0088    27.0020     5.7078     5.7063    6.99711     0.8584      8.584 0.0000e+00
    450.000     5.7451   3.368847    34.2674    27.0102   -1.81137 -9.990e-29     5.7427   3.367769    34.2576    27.0029      1.081    34.2656    34.2559    27.0089    27.0015     5.7070     5.7046    6.99723     0.8595      8.595 0.0000e+00
    451.000     5.7435   3.368732    34.2671    27.0102   -1.81110 -9.990e-29     5.7386   3.367481    34.2578    27.0035      1.258    34.2655    34.2563    27.0090    27.0023     5.7053     5.7004    6.99750     0.8606      8.606 0.0000e+00
    452.000     5.7422   3.368623    34.2664    27.0099   -1.81095 -9.990e-29     5.7402   3.367700    34.2580    27.0035      1.283    34.2650    34.2566    27.0088    27.0024     5.7039     5.7019    6.99774     0.8617      8.617 0.0000e+00
    453.000     5.7465   3.369071    34.2660    27.0091   -1.81243 -9.990e-29     5.7399   3.367656    34.2567    27.0025      0.353    34.2652    34.2559    27.0084    27.0019     5.7081     5.7015    6.99701     0.8628      8.628 0.0000e+00
    454.000     5.7339   3.367885    34.2649    27.0097   -1.81353 -9.990e-29     5.7318   3.366909    34.2561    27.0030      0.471    34.2641    34.2552    27.0091    27.0023     5.6955     5.6934    6.99916     0.8639      8.639 0.0000e+00
    455.000     5.7342   3.367988    34.2651    27.0098   -1.81386 -9.990e-29     5.7333   3.367136    34.2564    27.0031      0.617    34.2644    34.2557    27.0093    27.0026     5.6957     5.6948    6.99909     0.8650      8.650 0.0000e+00
    456.000     5.7334   3.367939    34.2648    27.0098   -1.81372 -9.990e-29     5.7308   3.366915    34.2559    27.0030      0.922    34.2642    34.2553    27.0093    27.0025     5.6948     5.6922    6.99924     0.8661      8.661 0.0000e+00
    457.000     5.7320   3.367854    34.2647    27.0098   -1.81335 -9.990e-29     5.7292   3.366805    34.2557    27.0031      1.190    34.2641    34.2551    27.0094    27.0026     5.6933     5.6906    6.99947     0.8672      8.672 0.0000e+00
    458.000     5.7265   3.367322    34.2639    27.0101   -1.81314 -9.990e-29     5.7249   3.366417    34.2551    27.0032      1.315    34.2632    34.2546    27.0093    27.0028     5.6881     5.6861    7.00039     0.8683      8.683 0.0000e+00
    459.000     5.7247   3.367196    34.2637    27.0100   -1.81348 -9.990e-29     5.7228   3.366264    34.2551    27.0034      1.249    34.2631    34.2545    27.0095    27.0029     5.6859     5.6840    7.00073     0.8695      8.695 0.0000e+00
    460.000     5.7269   3.367473    34.2638    27.0098   -1.81709 -9.990e-29     5.7204   3.366096    34.2548    27.0035      0.748    34.2635    34.2545    27.0095    27.0032     5.6880     5.6815    7.00035     0.8716      8.716 0.0000e+00
    461.000     5.7179   3.366613    34.2630    27.0103   -1.81719 -9.990e-29     5.7149   3.365542    34.2540    27.0035      1.098    34.2624    34.2534    27.0098    27.0030     5.6789     5.6759    7.00191     0.8727      8.727 0.0000e+00
    462.000     5.7048   3.365376    34.2620    27.0111   -1.81717 -9.990e-29     5.7039   3.364432    34.2523    27.0035      1.269    34.2611    34.2514    27.0104    27.0028     5.6658     5.6649    7.00414     0.8738      8.738 0.0000e+00
    463.000     5.6901   3.364045    34.2617    27.0127   -1.81715 -9.990e-29     5.6878   3.363020    34.2524    27.0056      1.222    34.2605    34.2512    27.0117    27.0046     5.6510     5.6488    7.00664     0.8749      8.749 0.0000e+00
