Data/ctd/proc_sb/sam03_ctd_9.cnv
* Sea-Bird SBE 9 Data File:
* FileName = D:\samoc03\ctddata\009bis.hex
* Software Version Seasave V 7.20d
* Temperature SN = 2951
* Conductivity SN = 2657
* Number of Bytes Per Scan = 31
* Number of Voltage Words = 2
* Number of Scans Averaged by the Deck Unit = 1
* NMEA Latitude = 34 31.50 S
* NMEA Longitude = 044 25.88 W
* NMEA UTC (Time) = Jul 11 2010  20:07:08
** Ship: Puerto Deseado
** Station: 009bis
** Operator: AnaP
** Segundo casting luego de 009, despues de haberlo sacado a cubierta para verificar el estado del CTD
# nquan = 22
# nvalues = 9685                        
# units = specified
# name 0 = prDM: Pressure, Digiquartz [db]
# name 1 = t090C: Temperature [ITS-90, deg C]
# name 2 = c0S/m: Conductivity [S/m]
# name 3 = sal00: Salinity, Practical [PSU]
# name 4 = sigma-é00: Density [sigma-theta, Kg/m^3]
# name 5 = sbeox0ML/L: Oxygen, SBE 43 [ml/l]
# name 6 = flSP: Fluorescence, Seapoint
# name 7 = t190C: Temperature, 2 [ITS-90, deg C]
# name 8 = c1S/m: Conductivity, 2 [S/m]
# name 9 = sal11: Salinity, Practical, 2 [PSU]
# name 10 = sigma-é11: Density, 2 [sigma-theta, Kg/m^3]
# name 11 = dz/dtM: Descent Rate [m/s]
# name 12 = sal00: Salinity, Practical [PSU]
# name 13 = sal11: Salinity, Practical, 2 [PSU]
# name 14 = sigma-é00: Density [sigma-theta, Kg/m^3]
# name 15 = sigma-é11: Density, 2 [sigma-theta, Kg/m^3]
# name 16 = potemp090C: Potential Temperature [ITS-90, deg C]
# name 17 = potemp190C: Potential Temperature, 2 [ITS-90, deg C]
# name 18 = oxsatML/L: Oxygen Saturation, Weiss [ml/l]
# name 19 = dm: Dynamic Meters [10 J/Kg]
# name 20 = gpa: Geopotential Anomaly [J/Kg]
# name 21 = flag: flag
# span 0 =      1.000,   4844.000       
# span 1 =     0.2187,    16.3781       
# span 2 =   3.073260,   4.498609       
# span 3 =    34.1717,    35.5873       
# span 4 =    26.0138,    27.8483       
# span 5 =    3.90560,    5.69607       
# span 6 = -1.853e-03, 1.0455e+00       
# span 7 =     0.2166,    16.3802       
# span 8 =   3.072525,   4.497486       
# span 9 =    34.1648,    35.5754       
# span 10 =    26.0140,    27.8425      
# span 11 =     -2.451,      1.549      
# span 12 =    34.1716,    35.5877      
# span 13 =    34.1647,    35.5759      
# span 14 =    26.0138,    27.8483      
# span 15 =    26.0141,    27.8424      
# span 16 =    -0.1360,    16.3625      
# span 17 =    -0.1380,    16.3646      
# span 18 =    5.51444,    8.01652      
# span 19 =    -0.0025,     3.2111      
# span 20 =     -0.025,     32.111      
# span 21 = 0.0000e+00, 0.0000e+00      
# interval = decibars: 1                
# start_time = Jul 11 2010 20:07:08
# bad_flag = -9.990e-29
*END*
[from data line 4346]
   4349.000     0.2647   3.075218    34.6754    27.8471    4.83005 -9.990e-29     0.2626   3.074439    34.6679    27.8411      1.042    34.6753    34.6678    27.8470    27.8411    -0.0552    -0.0573    8.00655     2.7361     27.361 0.0000e+00
   4350.000     0.2647   3.075243    34.6753    27.8471    4.82233 -9.990e-29     0.2626   3.074470    34.6678    27.8411      0.939    34.6753    34.6677    27.8470    27.8411    -0.0554    -0.0574    8.00657     2.7364     27.364 0.0000e+00
   4351.000     0.2648   3.075282    34.6752    27.8470    4.82740 -9.990e-29     0.2627   3.074522    34.6679    27.8412      0.873    34.6752    34.6679    27.8469    27.8412    -0.0554    -0.0574    8.00654     2.7366     27.366 0.0000e+00
   4352.000     0.2647   3.075310    34.6753    27.8471    4.82497 -9.990e-29     0.2626   3.074535    34.6678    27.8411      0.897    34.6752    34.6678    27.8470    27.8411    -0.0556    -0.0576    8.00657     2.7369     27.369 0.0000e+00
   4353.000     0.2645   3.075343    34.6753    27.8471    4.81023 -9.990e-29     0.2624   3.074574    34.6680    27.8413      1.013    34.6753    34.6680    27.8471    27.8413    -0.0559    -0.0578    8.00659     2.7372     27.372 0.0000e+00
   4354.000     0.2640   3.075324    34.6753    27.8471    4.82149 -9.990e-29     0.2619   3.074551    34.6679    27.8412      1.163    34.6753    34.6678    27.8471    27.8412    -0.0565    -0.0585    8.00670     2.7374     27.374 0.0000e+00
   4355.000     0.2641   3.075353    34.6752    27.8471    4.82822 -9.990e-29     0.2619   3.074590    34.6679    27.8412      1.270    34.6752    34.6678    27.8470    27.8412    -0.0565    -0.0585    8.00670     2.7377     27.377 0.0000e+00
   4356.000     0.2642   3.075394    34.6752    27.8470    4.82585 -9.990e-29     0.2619   3.074627    34.6680    27.8413      1.271    34.6752    34.6680    27.8470    27.8413    -0.0566    -0.0587    8.00668     2.7380     27.380 0.0000e+00
   4357.000     0.2641   3.075417    34.6751    27.8470    4.81160 -9.990e-29     0.2620   3.074645    34.6677    27.8411      1.110    34.6751    34.6677    27.8470    27.8411    -0.0567    -0.0587    8.00670     2.7383     27.383 0.0000e+00
   4358.000     0.2643   3.075478    34.6753    27.8471    4.82672 -9.990e-29     0.2622   3.074707    34.6678    27.8412      0.866    34.6752    34.6678    27.8471    27.8412    -0.0566    -0.0586    8.00665     2.7385     27.385 0.0000e+00
   4359.000     0.2642   3.075506    34.6752    27.8471    4.82180 -9.990e-29     0.2620   3.074732    34.6679    27.8413      0.855    34.6752    34.6679    27.8471    27.8413    -0.0568    -0.0589    8.00666     2.7388     27.388 0.0000e+00
   4360.000     0.2642   3.075540    34.6753    27.8471    4.82643 -9.990e-29     0.2620   3.074770    34.6680    27.8413      0.984    34.6752    34.6679    27.8471    27.8413    -0.0569    -0.0590    8.00666     2.7391     27.391 0.0000e+00
   4361.000     0.2644   3.075588    34.6753    27.8471    4.82866 -9.990e-29     0.2622   3.074821    34.6679    27.8413      1.024    34.6753    34.6680    27.8471    27.8413    -0.0569    -0.0590    8.00663     2.7393     27.393 0.0000e+00
   4362.000     0.2645   3.075630    34.6752    27.8471    4.82952 -9.990e-29     0.2624   3.074864    34.6679    27.8413      0.923    34.6752    34.6679    27.8471    27.8413    -0.0568    -0.0589    8.00661     2.7396     27.396 0.0000e+00
   4363.000     0.2646   3.075669    34.6752    27.8471    4.82719 -9.990e-29     0.2624   3.074900    34.6678    27.8412      0.922    34.6752    34.6678    27.8470    27.8412    -0.0568    -0.0589    8.00658     2.7399     27.399 0.0000e+00
   4364.000     0.2646   3.075694    34.6751    27.8470    4.82825 -9.990e-29     0.2624   3.074929    34.6678    27.8412      1.062    34.6751    34.6678    27.8470    27.8412    -0.0570    -0.0590    8.00659     2.7401     27.401 0.0000e+00
   4365.000     0.2643   3.075717    34.6752    27.8471    4.82751 -9.990e-29     0.2621   3.074958    34.6680    27.8414      1.176    34.6752    34.6681    27.8471    27.8414    -0.0574    -0.0594    8.00664     2.7404     27.404 0.0000e+00
   4366.000     0.2640   3.075715    34.6752    27.8471    4.81988 -9.990e-29     0.2618   3.074934    34.6677    27.8412      1.158    34.6752    34.6677    27.8471    27.8412    -0.0578    -0.0599    8.00672     2.7407     27.407 0.0000e+00
   4367.000     0.2637   3.075721    34.6751    27.8471    4.83297 -9.990e-29     0.2615   3.074952    34.6678    27.8413      1.013    34.6751    34.6678    27.8470    27.8413    -0.0581    -0.0603    8.00678     2.7410     27.410 0.0000e+00
   4368.000     0.2633   3.075719    34.6751    27.8471    4.81004 -9.990e-29     0.2612   3.074957    34.6678    27.8413      0.925    34.6751    34.6678    27.8470    27.8412    -0.0586    -0.0606    8.00686     2.7412     27.412 0.0000e+00
   4369.000     0.2630   3.075729    34.6751    27.8471    4.81369 -9.990e-29     0.2610   3.074955    34.6676    27.8411      1.004    34.6751    34.6676    27.8471    27.8411    -0.0590    -0.0610    8.00692     2.7415     27.415 0.0000e+00
   4370.000     0.2626   3.075732    34.6752    27.8472    4.83478 1.0630e-02     0.2605   3.074958    34.6678    27.8413      1.144    34.6751    34.6677    27.8471    27.8413    -0.0595    -0.0616    8.00701     2.7418     27.418 0.0000e+00
   4371.000     0.2621   3.075712    34.6751    27.8471    4.83297 1.0630e-02     0.2600   3.074937    34.6676    27.8412      1.223    34.6750    34.6675    27.8471    27.8412    -0.0601    -0.0621    8.00712     2.7420     27.420 0.0000e+00
   4372.000     0.2620   3.075734    34.6751    27.8471    4.82240 1.0630e-02     0.2598   3.074963    34.6677    27.8413      1.063    34.6750    34.6676    27.8471    27.8412    -0.0603    -0.0624    8.00714     2.7423     27.423 0.0000e+00
   4373.000     0.2615   3.075714    34.6749    27.8471    4.81841 1.0630e-02     0.2593   3.074951    34.6676    27.8413      0.667    34.6749    34.6676    27.8470    27.8412    -0.0609    -0.0630    8.00726     2.7426     27.426 0.0000e+00
   4374.000     0.2613   3.075731    34.6750    27.8471    4.82877 1.0630e-02     0.2590   3.074965    34.6677    27.8414      0.718    34.6749    34.6677    27.8471    27.8414    -0.0613    -0.0634    8.00731     2.7428     27.428 0.0000e+00
   4375.000     0.2609   3.075723    34.6749    27.8471    4.83112 -9.990e-29     0.2587   3.074959    34.6675    27.8412      0.955    34.6748    34.6675    27.8470    27.8412    -0.0618    -0.0638    8.00740     2.7431     27.431 0.0000e+00
   4376.000     0.2597   3.075668    34.6750    27.8472    4.83167 -9.990e-29     0.2576   3.074898    34.6676    27.8414      1.146    34.6750    34.6676    27.8472    27.8413    -0.0630    -0.0650    8.00764     2.7434     27.434 0.0000e+00
   4377.000     0.2593   3.075669    34.6751    27.8473    4.82772 -9.990e-29     0.2573   3.074904    34.6676    27.8413      1.289    34.6750    34.6675    27.8472    27.8413    -0.0635    -0.0654    8.00772     2.7436     27.436 0.0000e+00
   4378.000     0.2585   3.075611    34.6748    27.8471    4.82570 -9.990e-29     0.2564   3.074856    34.6676    27.8414      1.386    34.6747    34.6675    27.8470    27.8413    -0.0644    -0.0664    8.00791     2.7439     27.439 0.0000e+00
   4379.000     0.2577   3.075584    34.6749    27.8473    4.83715 -9.990e-29     0.2556   3.074819    34.6676    27.8414      1.394    34.6748    34.6674    27.8472    27.8413    -0.0653    -0.0673    8.00807     2.7442     27.442 0.0000e+00
   4380.000     0.2576   3.075603    34.6748    27.8472    4.82543 -9.990e-29     0.2554   3.074841    34.6676    27.8415      1.227    34.6747    34.6675    27.8471    27.8414    -0.0654    -0.0676    8.00809     2.7445     27.445 0.0000e+00
   4381.000     0.2573   3.075609    34.6747    27.8471    4.83390 -9.990e-29     0.2552   3.074842    34.6674    27.8413      0.778    34.6747    34.6673    27.8471    27.8412    -0.0658    -0.0678    8.00815     2.7447     27.447 0.0000e+00
   4382.000     0.2573   3.075637    34.6747    27.8471    4.82130 -9.990e-29     0.2551   3.074864    34.6674    27.8413      0.615    34.6746    34.6673    27.8470    27.8412    -0.0660    -0.0681    8.00816     2.7450     27.450 0.0000e+00
   4383.000     0.2572   3.075668    34.6748    27.8472    4.80509 -9.990e-29     0.2550   3.074898    34.6675    27.8414      0.874    34.6747    34.6674    27.8471    27.8413    -0.0662    -0.0683    8.00818     2.7453     27.453 0.0000e+00
   4384.000     0.2573   3.075707    34.6748    27.8472    4.82333 -9.990e-29     0.2550   3.074940    34.6676    27.8415      1.082    34.6747    34.6675    27.8471    27.8414    -0.0662    -0.0684    8.00817     2.7455     27.455 0.0000e+00
   4385.000     0.2569   3.075700    34.6746    27.8471    4.83300 -9.990e-29     0.2547   3.074947    34.6675    27.8415      1.163    34.6746    34.6675    27.8471    27.8414    -0.0667    -0.0688    8.00826     2.7458     27.458 0.0000e+00
   4386.000     0.2562   3.075686    34.6748    27.8473    4.83099 -9.990e-29     0.2541   3.074918    34.6674    27.8414      1.139    34.6747    34.6673    27.8472    27.8413    -0.0674    -0.0694    8.00839     2.7461     27.461 0.0000e+00
   4387.000     0.2558   3.075675    34.6747    27.8472    4.82330 -9.990e-29     0.2536   3.074902    34.6673    27.8414      1.115    34.6746    34.6673    27.8472    27.8413    -0.0680    -0.0701    8.00849     2.7463     27.463 0.0000e+00
   4388.000     0.2555   3.075680    34.6747    27.8472    4.82822 -9.990e-29     0.2533   3.074910    34.6674    27.8414      1.158    34.6746    34.6672    27.8472    27.8413    -0.0684    -0.0705    8.00855     2.7466     27.466 0.0000e+00
   4389.000     0.2553   3.075700    34.6747    27.8472    4.83342 -9.990e-29     0.2530   3.074926    34.6674    27.8415      1.232    34.6746    34.6673    27.8472    27.8414    -0.0686    -0.0708    8.00858     2.7469     27.469 0.0000e+00
   4390.000     0.2550   3.075710    34.6747    27.8473    4.83452 -9.990e-29     0.2529   3.074949    34.6674    27.8415      1.262    34.6746    34.6673    27.8472    27.8415    -0.0691    -0.0711    8.00865     2.7471     27.471 0.0000e+00
   4391.000     0.2548   3.075724    34.6747    27.8473    4.83519 -9.990e-29     0.2526   3.074957    34.6673    27.8415      1.165    34.6746    34.6673    27.8473    27.8414    -0.0694    -0.0714    8.00870     2.7474     27.474 0.0000e+00
   4392.000     0.2549   3.075759    34.6746    27.8472    4.83603 -9.990e-29     0.2527   3.074990    34.6673    27.8414      0.912    34.6746    34.6672    27.8472    27.8414    -0.0694    -0.0715    8.00868     2.7477     27.477 0.0000e+00
   4393.000     0.2548   3.075794    34.6747    27.8473    4.83703 -9.990e-29     0.2526   3.075011    34.6672    27.8414      0.764    34.6746    34.6672    27.8472    27.8413    -0.0695    -0.0717    8.00869     2.7479     27.479 0.0000e+00
   4394.000     0.2549   3.075840    34.6747    27.8473    4.83797 -9.990e-29     0.2526   3.075066    34.6674    27.8415      0.882    34.6747    34.6674    27.8473    27.8415    -0.0696    -0.0717    8.00867     2.7482     27.482 0.0000e+00
   4395.000     0.2549   3.075866    34.6746    27.8472    4.83634 -9.990e-29     0.2527   3.075107    34.6674    27.8415      1.009    34.6746    34.6674    27.8472    27.8415    -0.0696    -0.0717    8.00867     2.7485     27.485 0.0000e+00
   4396.000     0.2550   3.075908    34.6746    27.8472    4.83648 -9.990e-29     0.2528   3.075137    34.6673    27.8415      1.000    34.6746    34.6673    27.8472    27.8414    -0.0697    -0.0718    8.00865     2.7488     27.488 0.0000e+00
   4397.000     0.2541   3.075859    34.6745    27.8472    4.82463 -9.990e-29     0.2520   3.075105    34.6673    27.8415      0.962    34.6745    34.6673    27.8472    27.8415    -0.0706    -0.0727    8.00884     2.7490     27.490 0.0000e+00
   4398.000     0.2537   3.075859    34.6746    27.8473    4.82067 -9.990e-29     0.2515   3.075094    34.6673    27.8415      1.058    34.6745    34.6673    27.8472    27.8415    -0.0711    -0.0733    8.00893     2.7493     27.493 0.0000e+00
   4399.000     0.2536   3.075890    34.6746    27.8474    4.83580 -9.990e-29     0.2514   3.075123    34.6673    27.8416      1.207    34.6746    34.6673    27.8473    27.8415    -0.0714    -0.0734    8.00895     2.7496     27.496 0.0000e+00
   4400.000     0.2535   3.075911    34.6745    27.8473    4.84069 1.0630e-02     0.2513   3.075129    34.6671    27.8414      1.306    34.6745    34.6671    27.8473    27.8414    -0.0715    -0.0736    8.00897     2.7498     27.498 0.0000e+00
   4401.000     0.2533   3.075928    34.6746    27.8473    4.83850 1.0630e-02     0.2511   3.075154    34.6672    27.8415      1.248    34.6745    34.6671    27.8473    27.8414    -0.0718    -0.0739    8.00901     2.7501     27.501 0.0000e+00
   4402.000     0.2532   3.075946    34.6745    27.8473    4.82184 1.0630e-02     0.2511   3.075176    34.6671    27.8414      0.927    34.6745    34.6671    27.8473    27.8414    -0.0721    -0.0741    8.00904     2.7504     27.504 0.0000e+00
   4403.000     0.2529   3.075950    34.6745    27.8473    4.82958 1.0630e-02     0.2507   3.075183    34.6672    27.8415      0.708    34.6745    34.6672    27.8473    27.8415    -0.0725    -0.0746    8.00911     2.7506     27.506 0.0000e+00
   4404.000     0.2522   3.075917    34.6744    27.8473    4.82628 1.0630e-02     0.2500   3.075157    34.6672    27.8415      0.863    34.6744    34.6671    27.8472    27.8415    -0.0733    -0.0753    8.00926     2.7509     27.509 0.0000e+00
   4405.000     0.2517   3.075916    34.6745    27.8474    4.83077 -9.990e-29     0.2496   3.075155    34.6672    27.8416      1.047    34.6744    34.6671    27.8473    27.8415    -0.0738    -0.0758    8.00936     2.7512     27.512 0.0000e+00
   4406.000     0.2515   3.075926    34.6745    27.8474    4.83091 -9.990e-29     0.2492   3.075162    34.6673    27.8417      1.152    34.6744    34.6672    27.8473    27.8416    -0.0742    -0.0763    8.00941     2.7514     27.514 0.0000e+00
   4407.000     0.2512   3.075932    34.6744    27.8473    4.83548 -9.990e-29     0.2491   3.075172    34.6672    27.8416      1.156    34.6743    34.6671    27.8473    27.8415    -0.0745    -0.0766    8.00947     2.7517     27.517 0.0000e+00
   4408.000     0.2511   3.075959    34.6744    27.8474    4.83549 -9.990e-29     0.2489   3.075194    34.6672    27.8416      1.091    34.6744    34.6671    27.8473    27.8415    -0.0748    -0.0768    8.00949     2.7520     27.520 0.0000e+00
   4409.000     0.2512   3.075994    34.6744    27.8473    4.83315 1.0630e-02     0.2489   3.075226    34.6671    27.8416      1.050    34.6743    34.6671    27.8473    27.8415    -0.0748    -0.0770    8.00948     2.7522     27.522 0.0000e+00
   4410.000     0.2512   3.076034    34.6744    27.8473    4.83564 1.0630e-02     0.2491   3.075271    34.6671    27.8416      1.083    34.6743    34.6670    27.8473    27.8415    -0.0748    -0.0769    8.00946     2.7525     27.525 0.0000e+00
   4411.000     0.2514   3.076074    34.6743    27.8473    4.82955 1.0630e-02     0.2491   3.075307    34.6671    27.8416      1.093    34.6743    34.6671    27.8472    27.8415    -0.0748    -0.0770    8.00944     2.7528     27.528 0.0000e+00
   4412.000     0.2515   3.076121    34.6744    27.8473    4.82070 1.0630e-02     0.2492   3.075356    34.6671    27.8416      0.972    34.6743    34.6671    27.8473    27.8415    -0.0748    -0.0769    8.00942     2.7530     27.530 0.0000e+00
   4413.000     0.2515   3.076159    34.6744    27.8473    4.81836 1.0630e-02     0.2493   3.075379    34.6669    27.8414      0.816    34.6743    34.6669    27.8473    27.8414    -0.0749    -0.0770    8.00940     2.7533     27.533 0.0000e+00
