Data/ctd/proc_sb/sam03_ctd_8.cnv
* Sea-Bird SBE 9 Data File:
* FileName = D:\samoc03\ctddata\008.hex
* Software Version Seasave V 7.20d
* Temperature SN = 2951
* Conductivity SN = 2657
* Number of Bytes Per Scan = 31
* Number of Voltage Words = 2
* Number of Scans Averaged by the Deck Unit = 1
* NMEA Latitude = 34 28.98 S
* NMEA Longitude = 047 29.54 W
* NMEA UTC (Time) = Jul 10 2010  18:30:08
** Ship: Puerto Deseado
** Station: 008
** Operator: AnaP
** Posterior a la escucha de la ecosonda C
# nquan = 22
# nvalues = 9221                        
# units = specified
# name 0 = prDM: Pressure, Digiquartz [db]
# name 1 = t090C: Temperature [ITS-90, deg C]
# name 2 = c0S/m: Conductivity [S/m]
# name 3 = sal00: Salinity, Practical [PSU]
# name 4 = sigma-é00: Density [sigma-theta, Kg/m^3]
# name 5 = sbeox0ML/L: Oxygen, SBE 43 [ml/l]
# name 6 = flSP: Fluorescence, Seapoint
# name 7 = t190C: Temperature, 2 [ITS-90, deg C]
# name 8 = c1S/m: Conductivity, 2 [S/m]
# name 9 = sal11: Salinity, Practical, 2 [PSU]
# name 10 = sigma-é11: Density, 2 [sigma-theta, Kg/m^3]
# name 11 = dz/dtM: Descent Rate [m/s]
# name 12 = sal00: Salinity, Practical [PSU]
# name 13 = sal11: Salinity, Practical, 2 [PSU]
# name 14 = sigma-é00: Density [sigma-theta, Kg/m^3]
# name 15 = sigma-é11: Density, 2 [sigma-theta, Kg/m^3]
# name 16 = potemp090C: Potential Temperature [ITS-90, deg C]
# name 17 = potemp190C: Potential Temperature, 2 [ITS-90, deg C]
# name 18 = oxsatML/L: Oxygen Saturation, Weiss [ml/l]
# name 19 = dm: Dynamic Meters [10 J/Kg]
# name 20 = gpa: Geopotential Anomaly [J/Kg]
# name 21 = flag: flag
# span 0 =      1.000,   4612.000       
# span 1 =     0.1973,    17.6988       
# span 2 =   3.067698,   4.668460       
# span 3 =    34.1948,    35.8910       
# span 4 =    26.0104,    27.8595       
# span 5 =    3.82491,    5.62015       
# span 6 = -1.814e-03, 4.9521e-01       
# span 7 =     0.1955,    17.6973       
# span 8 =   3.066940,   4.667046       
# span 9 =    34.1875,    35.8792       
# span 10 =    26.0039,    27.8537      
# span 11 =   -308.984,    719.049      
# span 12 =    34.1946,    35.8912      
# span 13 =    33.9227,    35.8795      
# span 14 =    26.0106,    27.8593      
# span 15 =    26.0038,    27.8542      
# span 16 =    -0.1337,    17.6782      
# span 17 =    -0.1354,    17.6767      
# span 18 =    5.36521,    8.02101      
# span 19 =    -0.0007,     3.9525      
# span 20 =     -0.007,     39.525      
# span 21 = 0.0000e+00, 0.0000e+00      
# interval = decibars: 1                
# start_time = Jul 10 2010 18:30:08
# bad_flag = -9.990e-29
*END*
[from data line 6124]
   3097.000     2.5225   3.243681    34.8863    27.8584    5.22013 -9.990e-29     2.5203   3.242909    34.8793    27.8529     -0.685    34.8864    34.8793    27.8584    27.8529     2.2724     2.2703    7.54190     3.3871     33.871 0.0000e+00
   3096.000     2.5229   3.243698    34.8865    27.8585    5.22116 1.0630e-02     2.5207   3.242913    34.8793    27.8530     -0.679    34.8865    34.8794    27.8585    27.8530     2.2729     2.2708    7.54182     3.3879     33.879 0.0000e+00
   3095.000     2.5248   3.243842    34.8866    27.8584    5.22223 1.0630e-02     2.5226   3.243047    34.8795    27.8529     -0.745    34.8866    34.8795    27.8584    27.8529     2.2749     2.2727    7.54145     3.3884     33.884 0.0000e+00
   3094.000     2.5292   3.244218    34.8868    27.8582    5.22282 -9.990e-29     2.5277   3.243504    34.8799    27.8528     -0.293    34.8870    34.8801    27.8583    27.8529     2.2792     2.2778    7.54059     3.3889     33.889 0.0000e+00
   3093.000     2.5319   3.244443    34.8872    27.8583    5.22612 -9.990e-29     2.5316   3.243850    34.8803    27.8528     -0.497    34.8874    34.8804    27.8584    27.8529     2.2819     2.2817    7.54008     3.3890     33.890 0.0000e+00
   3092.000     2.5363   3.244843    34.8876    27.8582    5.23519 -9.990e-29     2.5354   3.244214    34.8810    27.8531     -0.865    34.8879    34.8813    27.8585    27.8533     2.2864     2.2855    7.53919     3.3891     33.891 0.0000e+00
   3091.000     2.5377   3.244961    34.8880    27.8584    5.23301 -9.990e-29     2.5369   3.244317    34.8812    27.8531     -1.258    34.8883    34.8814    27.8587    27.8533     2.2879     2.2870    7.53891     3.3891     33.891 0.0000e+00
   3090.000     2.5391   3.245079    34.8885    27.8587    5.23055 -9.990e-29     2.5391   3.244508    34.8817    27.8533     -1.269    34.8887    34.8819    27.8589    27.8534     2.2893     2.2893    7.53863     3.3891     33.891 0.0000e+00
   3089.000     2.5391   3.245007    34.8882    27.8585    5.23993 -9.990e-29     2.5365   3.244198    34.8812    27.8530     -0.571    34.8883    34.8813    27.8586    27.8531     2.2894     2.2869    7.53865     3.3894     33.894 0.0000e+00
   3088.000     2.5427   3.245324    34.8885    27.8584    5.22975 -9.990e-29     2.5418   3.244672    34.8816    27.8530     -0.976    34.8887    34.8818    27.8586    27.8531     2.2930     2.2922    7.53794     3.3894     33.894 0.0000e+00
   3087.000     2.5475   3.245736    34.8887    27.8581    5.22713 -9.990e-29     2.5433   3.244778    34.8817    27.8529     -1.054    34.8890    34.8820    27.8584    27.8532     2.2978     2.2937    7.53700     3.3894     33.894 0.0000e+00
   3086.000     2.5505   3.246013    34.8894    27.8585    5.22936 -9.990e-29     2.5447   3.244921    34.8821    27.8531     -0.600    34.8897    34.8825    27.8587    27.8534     2.3008     2.3052    7.53641     3.3896     33.896 0.0000e+00
   3085.000     2.5504   3.245957    34.8894    27.8584    5.23467 -9.990e-29     2.5499   3.245346    34.8825    27.8530     -0.997    34.8895    34.8827    27.8586    27.8532     2.3009     2.3003    7.53644     3.3897     33.897 0.0000e+00
   3084.000     2.5528   3.246144    34.8895    27.8583    5.23534 -9.990e-29     2.5519   3.245503    34.8827    27.8529     -1.365    34.8897    34.8829    27.8585    27.8531     2.3033     2.3025    7.53597     3.3897     33.897 0.0000e+00
   3083.000     2.5545   3.246286    34.8897    27.8584    5.22811 -9.990e-29     2.5527   3.245557    34.8829    27.8531     -1.524    34.8900    34.8832    27.8586    27.8533     2.3051     2.3033    7.53562     3.3897     33.897 0.0000e+00
   3082.000     2.5537   3.246170    34.8898    27.8585    5.23385 -9.990e-29     2.5515   3.245401    34.8829    27.8531     -0.909    34.8900    34.8831    27.8586    27.8533     2.3044     2.3023    7.53579     3.3897     33.897 0.0000e+00
   3081.000     2.5529   3.246058    34.8897    27.8585    5.24730 -9.990e-29     2.5504   3.245247    34.8826    27.8530     -0.359    34.8898    34.8827    27.8586    27.8531     2.3038     2.3013    7.53593     3.3897     33.897 0.0000e+00
   3080.000     2.5536   3.246073    34.8896    27.8583    5.23168 -9.990e-29     2.5506   3.245213    34.8825    27.8529     -0.790    34.8897    34.8826    27.8584    27.8530     2.3045     2.3016    7.53580     3.3897     33.897 0.0000e+00
   3079.000     2.5554   3.246193    34.8896    27.8581    5.23710 1.0630e-02     2.5529   3.245406    34.8827    27.8529     -0.918    34.8897    34.8829    27.8583    27.8530     2.3064     2.3040    7.53547     3.3897     33.897 0.0000e+00
   3078.000     2.5594   3.246511    34.8896    27.8578    5.25480 1.0630e-02     2.5565   3.245684    34.8827    27.8525     -1.046    34.8898    34.8829    27.8580    27.8527     2.3104     2.3076    7.53471     3.3897     33.897 0.0000e+00
   3077.000     2.5616   3.246728    34.8902    27.8582    5.25383 1.0630e-02     2.5623   3.246233    34.8835    27.8527     -1.202    34.8905    34.8838    27.8584    27.8529     2.3127     2.3134    7.53425     3.3897     33.897 0.0000e+00
   3076.000     2.5702   3.247526    34.8909    27.8580    5.23936 1.0630e-02     2.5709   3.247071    34.8848    27.8530     -1.328    34.8914    34.8853    27.8584    27.8534     2.3212     2.3218    7.53256     3.3897     33.897 0.0000e+00
   3075.000     2.5780   3.248292    34.8921    27.8583    5.23388 1.0630e-02     2.5783   3.247831    34.8863    27.8536     -1.343    34.8928    34.8870    27.8589    27.8542     2.3289     2.3292    7.53101     3.3897     33.897 0.0000e+00
   3074.000     2.5820   3.248680    34.8930    27.8587    5.25579 1.0630e-02     2.5820   3.248112    34.8862    27.8532     -1.034    34.8938    34.8869    27.8593    27.8538     2.3329     2.3329    7.53021     3.3897     33.897 0.0000e+00
   3073.000     2.5865   3.249058    34.8933    27.8585    5.25118 -9.990e-29     2.5843   3.248308    34.8866    27.8533     -0.503    34.8940    34.8873    27.8591    27.8539     2.3374     2.3353    7.52934     3.3897     33.897 0.0000e+00
   3072.000     2.5866   3.249027    34.8933    27.8585    5.26443 -9.990e-29     2.5864   3.248422    34.8864    27.8530     -0.731    34.8939    34.8870    27.8590    27.8534     2.3376     2.3374    7.52931     3.3897     33.897 0.0000e+00
   3071.000     2.5874   3.249078    34.8937    27.8587    5.25245 -9.990e-29     2.5868   3.248447    34.8867    27.8532     -1.022    34.8942    34.8872    27.8592    27.8536     2.3384     2.3380    7.52916     3.3897     33.897 0.0000e+00
   3070.000     2.5885   3.249143    34.8938    27.8587    5.25396 -9.990e-29     2.5878   3.248515    34.8869    27.8533     -1.194    34.8943    34.8874    27.8591    27.8537     2.3396     2.3390    7.52895     3.3897     33.897 0.0000e+00
   3069.000     2.5907   3.249329    34.8940    27.8588    5.26628 -9.990e-29     2.5920   3.248929    34.8879    27.8537     -1.251    34.8946    34.8885    27.8592    27.8542     2.3419     2.3432    7.52850     3.3897     33.897 0.0000e+00
   3068.000     2.5973   3.249898    34.8942    27.8583    5.25836 -9.990e-29     2.5980   3.249467    34.8883    27.8536     -1.216    34.8949    34.8890    27.8589    27.8541     2.3485     2.3492    7.52724     3.3897     33.897 0.0000e+00
   3067.000     2.6009   3.250249    34.8950    27.8587    5.26107 -9.990e-29     2.5995   3.249569    34.8884    27.8535     -1.114    34.8957    34.8891    27.8592    27.8540     2.3521     2.3507    7.52651     3.3897     33.897 0.0000e+00
   3066.000     2.6032   3.250440    34.8955    27.8588    5.27390 -9.990e-29     2.6010   3.249685    34.8886    27.8536     -1.027    34.8961    34.8893    27.8593    27.8541     2.3544     2.3523    7.52606     3.3897     33.897 0.0000e+00
   3065.000     2.6028   3.250355    34.8953    27.8587    5.26229 -9.990e-29     2.5999   3.249524    34.8884    27.8534     -0.988    34.8959    34.8890    27.8592    27.8539     2.3542     2.3514    7.52614     3.3897     33.897 0.0000e+00
   3064.000     2.6011   3.250155    34.8954    27.8589    5.25855 -9.990e-29     2.5953   3.249003    34.8876    27.8531     -0.945    34.8958    34.8880    27.8593    27.8535     2.3525     2.3470    7.52648     3.3897     33.897 0.0000e+00
   3063.000     2.6004   3.250038    34.8952    27.8588    5.26839 -9.990e-29     2.5910   3.248433    34.8859    27.8521     -0.902    34.8956    34.8862    27.8591    27.8524     2.3520     2.3429    7.52662     3.3897     33.897 0.0000e+00
   3062.000     2.5954   3.249456    34.8941    27.8583    5.26227 -9.990e-29     2.5900   3.248270    34.8856    27.8520     -0.892    34.8942    34.8858    27.8584    27.8521     2.3473     2.3419    7.52763     3.3897     33.897 0.0000e+00
   3061.000     2.5944   3.249213    34.8928    27.8573    5.25627 -9.990e-29     2.5906   3.248232    34.8850    27.8515     -0.953    34.8928    34.8851    27.8574    27.8515     2.3464     2.3427    7.52789     3.3897     33.897 0.0000e+00
   3060.000     2.5954   3.249259    34.8926    27.8571    5.25138 -9.990e-29     2.5944   3.248537    34.8850    27.8512     -1.059    34.8928    34.8852    27.8573    27.8512     2.3475     2.3465    7.52770     3.3897     33.897 0.0000e+00
   3059.000     2.5975   3.249386    34.8924    27.8568    5.24674 -9.990e-29     2.5979   3.248863    34.8856    27.8513     -1.178    34.8926    34.8858    27.8570    27.8515     2.3496     2.3500    7.52732     3.3897     33.897 0.0000e+00
   3058.000     2.6028   3.249854    34.8928    27.8566    5.24542 -9.990e-29     2.6053   3.249512    34.8859    27.8510     -1.291    34.8931    34.8863    27.8569    27.8512     2.3549     2.3574    7.52629     3.3897     33.897 0.0000e+00
   3057.000     2.6067   3.250189    34.8930    27.8565    5.24579 -9.990e-29     2.6089   3.249875    34.8869    27.8514     -1.388    34.8934    34.8873    27.8568    27.8518     2.3588     2.3610    7.52553     3.3897     33.897 0.0000e+00
   3056.000     2.6102   3.250527    34.8937    27.8567    5.24387 -9.990e-29     2.6122   3.250148    34.8871    27.8513     -1.443    34.8941    34.8876    27.8571    27.8517     2.3623     2.3643    7.52482     3.3897     33.897 0.0000e+00
   3055.000     2.6128   3.250723    34.8938    27.8566    5.23993 -9.990e-29     2.6128   3.250175    34.8871    27.8513     -1.362    34.8943    34.8876    27.8570    27.8517     2.3650     2.3650    7.52433     3.3897     33.897 0.0000e+00
   3054.000     2.6124   3.250670    34.8942    27.8569    5.24552 1.0630e-02     2.6095   3.249807    34.8869    27.8513     -0.367    34.8945    34.8872    27.8572    27.8516     2.3647     2.3619    7.52439     3.3897     33.897 0.0000e+00
   3053.000     2.6125   3.250618    34.8939    27.8567    5.24370 1.0630e-02     2.6092   3.249727    34.8867    27.8512     -0.604    34.8942    34.8870    27.8569    27.8514     2.3649     2.3617    7.52438     3.3897     33.897 0.0000e+00
   3052.000     2.6156   3.250876    34.8941    27.8566    5.24360 1.0630e-02     2.6136   3.250131    34.8873    27.8513     -1.084    34.8944    34.8876    27.8568    27.8516     2.3680     2.3661    7.52378     3.3897     33.897 0.0000e+00
   3051.000     2.6174   3.251021    34.8943    27.8566    5.24463 1.0630e-02     2.6159   3.250308    34.8874    27.8512     -1.392    34.8947    34.8878    27.8569    27.8515     2.3699     2.3684    7.52342     3.3897     33.897 0.0000e+00
   3050.000     2.6186   3.251110    34.8945    27.8567    5.24630 1.0630e-02     2.6167   3.250353    34.8875    27.8512     -1.608    34.8950    34.8879    27.8570    27.8516     2.3712     2.3693    7.52318     3.3897     33.897 0.0000e+00
   3049.000     2.6193   3.251129    34.8946    27.8567    5.25188 -9.990e-29     2.6176   3.250411    34.8877    27.8513     -1.747    34.8950    34.8881    27.8569    27.8516     2.3719     2.3703    7.52306     3.3897     33.897 0.0000e+00
   3048.000     2.6210   3.251273    34.8949    27.8567    5.25472 -9.990e-29     2.6187   3.250485    34.8878    27.8513     -1.809    34.8953    34.8883    27.8571    27.8516     2.3737     2.3715    7.52271     3.3897     33.897 0.0000e+00
   3047.000     2.6219   3.251323    34.8951    27.8568    5.24932 -9.990e-29     2.6211   3.250694    34.8883    27.8514     -1.808    34.8954    34.8887    27.8571    27.8517     2.3747     2.3739    7.52254     3.3897     33.897 0.0000e+00
   3046.000     2.6219   3.251301    34.8952    27.8569    5.24176 -9.990e-29     2.6247   3.251033    34.8890    27.8517     -1.725    34.8956    34.8894    27.8572    27.8520     2.3748     2.3776    7.52253     3.3897     33.897 0.0000e+00
   3045.000     2.6258   3.251670    34.8958    27.8571    5.25579 -9.990e-29     2.6278   3.251293    34.8893    27.8517     -1.492    34.8963    34.8897    27.8574    27.8520     2.3787     2.3807    7.52175     3.3897     33.897 0.0000e+00
   3044.000     2.6320   3.252217    34.8963    27.8569    5.26761 1.0630e-02     2.6313   3.251582    34.8895    27.8515     -0.310    34.8968    34.8899    27.8573    27.8519     2.3849     2.3842    7.52055     3.3898     33.898 0.0000e+00
   3043.000     2.6272   3.251698    34.8958    27.8570    5.26398 1.0630e-02     2.6246   3.250885    34.8888    27.8515     -0.695    34.8961    34.8891    27.8571    27.8517     2.3803     2.3778    7.52149     3.3898     33.898 0.0000e+00
   3042.000     2.6316   3.252077    34.8961    27.8568    5.25294 1.0630e-02     2.6308   3.251487    34.8899    27.8519     -1.153    34.8965    34.8903    27.8571    27.8522     2.3847     2.3839    7.52065     3.3898     33.898 0.0000e+00
   3041.000     2.6360   3.252492    34.8968    27.8569    5.26043 -9.990e-29     2.6364   3.251951    34.8898    27.8513     -1.462    34.8972    34.8903    27.8573    27.8517     2.3891     2.3895    7.51977     3.3898     33.898 0.0000e+00
   3040.000     2.6369   3.252474    34.8961    27.8563    5.27317 -9.990e-29     2.6329   3.251458    34.8881    27.8502     -1.691    34.8965    34.8885    27.8566    27.8506     2.3901     2.3862    7.51964     3.3898     33.898 0.0000e+00
   3039.000     2.6351   3.252211    34.8953    27.8559    5.26913 -9.990e-29     2.6304   3.251121    34.8872    27.8497     -1.826    34.8957    34.8876    27.8561    27.8500     2.3884     2.3839    7.52002     3.3898     33.898 0.0000e+00
   3038.000     2.6345   3.252097    34.8951    27.8557    5.25521 -9.990e-29     2.6314   3.251178    34.8873    27.8497     -1.865    34.8954    34.8877    27.8560    27.8500     2.3879     2.3849    7.52015     3.3898     33.898 0.0000e+00
   3037.000     2.6362   3.252196    34.8949    27.8554    5.24848 -9.990e-29     2.6371   3.251744    34.8885    27.8502     -1.827    34.8952    34.8889    27.8556    27.8505     2.3897     2.3906    7.51983     3.3898     33.898 0.0000e+00
   3036.000     2.6376   3.252302    34.8952    27.8555    5.23815 -9.990e-29     2.6411   3.252092    34.8889    27.8502     -1.723    34.8955    34.8892    27.8558    27.8504     2.3911     2.3947    7.51956     3.3898     33.898 0.0000e+00
   3035.000     2.6392   3.252421    34.8953    27.8554    5.23399 -9.990e-29     2.6448   3.252455    34.8898    27.8506     -1.501    34.8957    34.8902    27.8557    27.8509     2.3928     2.3983    7.51924     3.3898     33.898 0.0000e+00
   3034.000     2.6497   3.253451    34.8968    27.8558    5.25213 1.0630e-02     2.6506   3.252951    34.8899    27.8501     -0.597    34.8974    34.8905    27.8562    27.8506     2.4032     2.4041    7.51716     3.3898     33.898 0.0000e+00
   3033.000     2.6491   3.253329    34.8966    27.8556    5.25144 1.0630e-02     2.6422   3.252072    34.8889    27.8501     -0.476    34.8970    34.8892    27.8559    27.8503     2.4027     2.3960    7.51729     3.3898     33.898 0.0000e+00
