Data/ctd/proc_sb/sam03_ctd_8.cnv
* Sea-Bird SBE 9 Data File:
* FileName = D:\samoc03\ctddata\008.hex
* Software Version Seasave V 7.20d
* Temperature SN = 2951
* Conductivity SN = 2657
* Number of Bytes Per Scan = 31
* Number of Voltage Words = 2
* Number of Scans Averaged by the Deck Unit = 1
* NMEA Latitude = 34 28.98 S
* NMEA Longitude = 047 29.54 W
* NMEA UTC (Time) = Jul 10 2010  18:30:08
** Ship: Puerto Deseado
** Station: 008
** Operator: AnaP
** Posterior a la escucha de la ecosonda C
# nquan = 22
# nvalues = 9221                        
# units = specified
# name 0 = prDM: Pressure, Digiquartz [db]
# name 1 = t090C: Temperature [ITS-90, deg C]
# name 2 = c0S/m: Conductivity [S/m]
# name 3 = sal00: Salinity, Practical [PSU]
# name 4 = sigma-é00: Density [sigma-theta, Kg/m^3]
# name 5 = sbeox0ML/L: Oxygen, SBE 43 [ml/l]
# name 6 = flSP: Fluorescence, Seapoint
# name 7 = t190C: Temperature, 2 [ITS-90, deg C]
# name 8 = c1S/m: Conductivity, 2 [S/m]
# name 9 = sal11: Salinity, Practical, 2 [PSU]
# name 10 = sigma-é11: Density, 2 [sigma-theta, Kg/m^3]
# name 11 = dz/dtM: Descent Rate [m/s]
# name 12 = sal00: Salinity, Practical [PSU]
# name 13 = sal11: Salinity, Practical, 2 [PSU]
# name 14 = sigma-é00: Density [sigma-theta, Kg/m^3]
# name 15 = sigma-é11: Density, 2 [sigma-theta, Kg/m^3]
# name 16 = potemp090C: Potential Temperature [ITS-90, deg C]
# name 17 = potemp190C: Potential Temperature, 2 [ITS-90, deg C]
# name 18 = oxsatML/L: Oxygen Saturation, Weiss [ml/l]
# name 19 = dm: Dynamic Meters [10 J/Kg]
# name 20 = gpa: Geopotential Anomaly [J/Kg]
# name 21 = flag: flag
# span 0 =      1.000,   4612.000       
# span 1 =     0.1973,    17.6988       
# span 2 =   3.067698,   4.668460       
# span 3 =    34.1948,    35.8910       
# span 4 =    26.0104,    27.8595       
# span 5 =    3.82491,    5.62015       
# span 6 = -1.814e-03, 4.9521e-01       
# span 7 =     0.1955,    17.6973       
# span 8 =   3.066940,   4.667046       
# span 9 =    34.1875,    35.8792       
# span 10 =    26.0039,    27.8537      
# span 11 =   -308.984,    719.049      
# span 12 =    34.1946,    35.8912      
# span 13 =    33.9227,    35.8795      
# span 14 =    26.0106,    27.8593      
# span 15 =    26.0038,    27.8542      
# span 16 =    -0.1337,    17.6782      
# span 17 =    -0.1354,    17.6767      
# span 18 =    5.36521,    8.02101      
# span 19 =    -0.0007,     3.9525      
# span 20 =     -0.007,     39.525      
# span 21 = 0.0000e+00, 0.0000e+00      
# interval = decibars: 1                
# start_time = Jul 10 2010 18:30:08
# bad_flag = -9.990e-29
*END*
[from data line 1712]
   1715.000     3.1884   3.231315    34.6817    27.6255    4.17358 -9.990e-29     3.1856   3.230446    34.6742    27.6198      1.097    34.6821    34.6747    27.6258    27.6202     3.0595     3.0568    7.42691     1.9895     19.895 0.0000e+00
   1716.000     3.1883   3.231341    34.6816    27.6255    4.16611 -9.990e-29     3.1856   3.230483    34.6742    27.6198      0.878    34.6820    34.6746    27.6258    27.6201     3.0594     3.0567    7.42693     1.9901     19.901 0.0000e+00
   1717.000     3.1884   3.231389    34.6817    27.6256    4.18036 1.0630e-02     3.1856   3.230520    34.6743    27.6199      0.733    34.6820    34.6746    27.6258    27.6201     3.0593     3.0566    7.42691     1.9907     19.907 0.0000e+00
   1718.000     3.1884   3.231420    34.6817    27.6256    4.16812 1.0630e-02     3.1855   3.230557    34.6744    27.6199      0.317    34.6819    34.6746    27.6257    27.6201     3.0592     3.0565    7.42692     1.9913     19.913 0.0000e+00
   1719.000     3.1876   3.231417    34.6821    27.6259    4.16361 1.0630e-02     3.1849   3.230559    34.6747    27.6203      0.561    34.6822    34.6748    27.6260    27.6204     3.0584     3.0557    7.42705     1.9919     19.919 0.0000e+00
   1720.000     3.1812   3.230888    34.6823    27.6267    4.15549 1.0630e-02     3.1787   3.230035    34.6746    27.6208      0.868    34.6821    34.6745    27.6266    27.6207     3.0520     3.0496    7.42824     1.9925     19.925 0.0000e+00
   1721.000     3.1793   3.230754    34.6821    27.6268    4.16492 1.0630e-02     3.1765   3.229896    34.6748    27.6211      0.786    34.6820    34.6747    27.6267    27.6210     3.0500     3.0473    7.42860     1.9931     19.931 0.0000e+00
   1722.000     3.1793   3.230810    34.6823    27.6269    4.16679 1.0630e-02     3.1766   3.229949    34.6749    27.6212      0.743    34.6822    34.6748    27.6268    27.6211     3.0499     3.0473    7.42859     1.9937     19.937 0.0000e+00
   1723.000     3.1793   3.230858    34.6824    27.6270    4.16334 1.0630e-02     3.1765   3.229998    34.6750    27.6213      0.963    34.6823    34.6749    27.6269    27.6213     3.0499     3.0471    7.42858     1.9943     19.943 0.0000e+00
   1724.000     3.1794   3.230903    34.6823    27.6269    4.16156 1.0630e-02     3.1766   3.230040    34.6750    27.6213      1.193    34.6823    34.6749    27.6269    27.6212     3.0498     3.0471    7.42857     1.9949     19.949 0.0000e+00
   1725.000     3.1795   3.230957    34.6824    27.6270    4.15420 1.0630e-02     3.1767   3.230093    34.6750    27.6213      1.334    34.6823    34.6749    27.6269    27.6212     3.0498     3.0471    7.42855     1.9955     19.955 0.0000e+00
   1726.000     3.1790   3.230934    34.6823    27.6269    4.15197 1.0630e-02     3.1762   3.230065    34.6747    27.6212      1.329    34.6822    34.6747    27.6269    27.6211     3.0493     3.0465    7.42864     1.9960     19.960 0.0000e+00
   1727.000     3.1773   3.230857    34.6825    27.6272    4.16309 1.0630e-02     3.1745   3.229990    34.6751    27.6216      0.878    34.6824    34.6750    27.6272    27.6215     3.0475     3.0448    7.42895     1.9971     19.971 0.0000e+00
   1728.000     3.1792   3.231184    34.6838    27.6282    4.17374 1.0630e-02     3.1762   3.230330    34.6768    27.6228      1.112    34.6838    34.6768    27.6282    27.6228     3.0494     3.0464    7.42852     1.9979     19.979 0.0000e+00
   1729.000     3.1906   3.232528    34.6870    27.6297    4.18502 1.0630e-02     3.1862   3.231553    34.6801    27.6245      1.369    34.6874    34.6804    27.6299    27.6248     3.0605     3.0561    7.42623     1.9985     19.985 0.0000e+00
   1730.000     3.2021   3.233819    34.6895    27.6306    4.19024 1.0630e-02     3.1985   3.232924    34.6827    27.6255      1.483    34.6902    34.6833    27.6312    27.6260     3.0718     3.0682    7.42396     1.9991     19.991 0.0000e+00
   1731.000     3.2120   3.234926    34.6917    27.6314    4.19535 1.0630e-02     3.2089   3.234071    34.6848    27.6262      1.539    34.6925    34.6856    27.6321    27.6269     3.0814     3.0783    7.42201     1.9997     19.997 0.0000e+00
   1732.000     3.2200   3.235909    34.6943    27.6328    4.20215 1.0630e-02     3.2167   3.235050    34.6875    27.6277      1.571    34.6953    34.6885    27.6336    27.6285     3.0892     3.0860    7.42038     2.0003     20.003 0.0000e+00
   1733.000     3.2182   3.235763    34.6942    27.6329    4.19784 1.0630e-02     3.2190   3.235281    34.6878    27.6277      1.209    34.6950    34.6885    27.6336    27.6283     3.0873     3.0881    7.42074     2.0014     20.014 0.0000e+00
   1734.000     3.2235   3.236360    34.6953    27.6333    4.19800 1.0630e-02     3.2229   3.235778    34.6890    27.6284      1.298    34.6960    34.6898    27.6339    27.6290     3.0925     3.0919    7.41970     2.0024     20.024 0.0000e+00
   1735.000     3.2161   3.235727    34.6954    27.6340    4.19387 1.0630e-02     3.2145   3.234924    34.6875    27.6279      1.447    34.6958    34.6880    27.6344    27.6283     3.0851     3.0835    7.42109     2.0030     20.030 0.0000e+00
   1736.000     3.2134   3.235565    34.6959    27.6347    4.19248 1.0630e-02     3.2107   3.234708    34.6885    27.6291      1.402    34.6962    34.6889    27.6350    27.6294     3.0823     3.0797    7.42157     2.0035     20.035 0.0000e+00
   1737.000     3.2170   3.236047    34.6973    27.6355    4.19956 1.0630e-02     3.2138   3.235166    34.6901    27.6301      1.241    34.6977    34.6905    27.6358    27.6304     3.0858     3.0827    7.42082     2.0041     20.041 0.0000e+00
   1738.000     3.2222   3.236655    34.6985    27.6360    4.20363 1.0630e-02     3.2192   3.235791    34.6914    27.6306      1.052    34.6990    34.6919    27.6364    27.6310     3.0909     3.0879    7.41980     2.0047     20.047 0.0000e+00
   1739.000     3.2244   3.236942    34.6992    27.6364    4.20873 1.0630e-02     3.2215   3.236091    34.6921    27.6309      0.616    34.6997    34.6925    27.6368    27.6313     3.0928     3.0901    7.41937     2.0053     20.053 0.0000e+00
   1740.000     3.2286   3.237513    34.7012    27.6376    4.21270 -9.990e-29     3.2246   3.236513    34.6934    27.6317      0.331    34.7016    34.6938    27.6379    27.6321     3.0970     3.0930    7.41849     2.0059     20.059 0.0000e+00
   1741.000     3.2287   3.237608    34.7018    27.6381    4.20740 1.0630e-02     3.2259   3.236739    34.6943    27.6324      0.272    34.7021    34.6946    27.6383    27.6326     3.0970     3.0943    7.41844     2.0065     20.065 0.0000e+00
   1742.000     3.2297   3.237786    34.7024    27.6385    4.20861 1.0630e-02     3.2268   3.236920    34.6951    27.6330      0.670    34.7027    34.6954    27.6387    27.6332     3.0979     3.0950    7.41823     2.0070     20.070 0.0000e+00
   1743.000     3.2306   3.237943    34.7029    27.6388    4.21693 1.0630e-02     3.2277   3.237063    34.6954    27.6331      1.007    34.7031    34.6957    27.6390    27.6333     3.0986     3.0958    7.41805     2.0076     20.076 0.0000e+00
   1744.000     3.2322   3.238188    34.7036    27.6392    4.22164 1.0630e-02     3.2295   3.237327    34.6962    27.6336      1.247    34.7039    34.6965    27.6394    27.6338     3.1001     3.0975    7.41771     2.0082     20.082 0.0000e+00
   1745.000     3.2310   3.238117    34.7036    27.6394    4.21726 1.0630e-02     3.2282   3.237250    34.6962    27.6337      1.410    34.7038    34.6964    27.6395    27.6339     3.0988     3.0961    7.41794     2.0088     20.088 0.0000e+00
   1746.000     3.2287   3.237950    34.7036    27.6396    4.21554 1.0630e-02     3.2260   3.237084    34.6961    27.6338      1.502    34.7037    34.6962    27.6397    27.6339     3.0965     3.0939    7.41837     2.0094     20.094 0.0000e+00
   1747.000     3.2275   3.237885    34.7037    27.6398    4.21626 1.0630e-02     3.2248   3.237018    34.6962    27.6340      1.507    34.7038    34.6963    27.6398    27.6341     3.0952     3.0926    7.41859     2.0100     20.100 0.0000e+00
   1748.000     3.2280   3.237979    34.7038    27.6398    4.21171 1.0630e-02     3.2250   3.237121    34.6967    27.6344      1.006    34.7039    34.6967    27.6399    27.6344     3.0956     3.0927    7.41849     2.0109     20.109 0.0000e+00
   1749.000     3.2287   3.238133    34.7045    27.6403    4.21300 1.0630e-02     3.2259   3.237283    34.6973    27.6348      1.009    34.7045    34.6973    27.6403    27.6348     3.0962     3.0935    7.41833     2.0118     20.118 0.0000e+00
   1750.000     3.2316   3.238541    34.7056    27.6410    4.21607 1.0630e-02     3.2287   3.237671    34.6983    27.6354      1.224    34.7058    34.6984    27.6410    27.6355     3.0990     3.0962    7.41772     2.0123     20.123 0.0000e+00
   1751.000     3.2326   3.238673    34.7057    27.6409    4.21606 1.0630e-02     3.2297   3.237809    34.6984    27.6353      1.373    34.7059    34.6985    27.6410    27.6355     3.0999     3.0971    7.41754     2.0129     20.129 0.0000e+00
   1752.000     3.2328   3.238730    34.7057    27.6409    4.22324 1.0630e-02     3.2303   3.237905    34.6984    27.6353      1.481    34.7058    34.6986    27.6410    27.6354     3.1000     3.0976    7.41750     2.0135     20.135 0.0000e+00
   1753.000     3.2344   3.238990    34.7066    27.6415    4.22376 1.0630e-02     3.2315   3.238143    34.6995    27.6361      1.542    34.7068    34.6997    27.6416    27.6362     3.1015     3.0987    7.41716     2.0141     20.141 0.0000e+00
   1754.000     3.2370   3.239351    34.7075    27.6420    4.21881 1.0630e-02     3.2342   3.238495    34.7003    27.6365      1.528    34.7078    34.7005    27.6422    27.6366     3.1040     3.1013    7.41662     2.0147     20.147 0.0000e+00
   1755.000     3.2366   3.239330    34.7073    27.6419    4.21847 -9.990e-29     3.2338   3.238474    34.7000    27.6363      0.911    34.7075    34.7002    27.6420    27.6365     3.1035     3.1008    7.41672     2.0153     20.153 0.0000e+00
   1756.000     3.2375   3.239507    34.7080    27.6424    4.22061 -9.990e-29     3.2347   3.238673    34.7010    27.6370      0.593    34.7082    34.7011    27.6425    27.6371     3.1043     3.1016    7.41652     2.0160     20.160 0.0000e+00
   1757.000     3.2396   3.239879    34.7097    27.6435    4.23057 -9.990e-29     3.2368   3.239008    34.7023    27.6379      0.886    34.7099    34.7024    27.6437    27.6380     3.1063     3.1036    7.41603     2.0165     20.165 0.0000e+00
   1758.000     3.2393   3.239937    34.7102    27.6440    4.23113 1.0630e-02     3.2366   3.239077    34.7029    27.6384      0.891    34.7104    34.7030    27.6441    27.6385     3.1059     3.1032    7.41606     2.0171     20.171 0.0000e+00
   1759.000     3.2391   3.239960    34.7104    27.6441    4.22813 1.0630e-02     3.2362   3.239103    34.7031    27.6386      0.926    34.7105    34.7032    27.6442    27.6387     3.1056     3.1028    7.41611     2.0177     20.177 0.0000e+00
   1760.000     3.2389   3.239984    34.7104    27.6442    4.22642 1.0630e-02     3.2361   3.239118    34.7030    27.6385      0.935    34.7105    34.7031    27.6443    27.6386     3.1053     3.1026    7.41615     2.0183     20.183 0.0000e+00
   1761.000     3.2389   3.240040    34.7105    27.6443    4.22642 1.0630e-02     3.2361   3.239178    34.7032    27.6387      0.936    34.7106    34.7033    27.6443    27.6388     3.1053     3.1025    7.41613     2.0188     20.188 0.0000e+00
   1762.000     3.2391   3.240095    34.7105    27.6443    4.22527 1.0630e-02     3.2362   3.239239    34.7033    27.6388      1.033    34.7106    34.7034    27.6443    27.6388     3.1053     3.1025    7.41610     2.0194     20.194 0.0000e+00
   1763.000     3.2405   3.240290    34.7108    27.6444    4.22670 1.0630e-02     3.2377   3.239439    34.7037    27.6390      1.150    34.7109    34.7038    27.6445    27.6390     3.1066     3.1038    7.41582     2.0200     20.200 0.0000e+00
   1764.000     3.2420   3.240485    34.7111    27.6444    4.22601 -9.990e-29     3.2394   3.239628    34.7036    27.6387      1.138    34.7112    34.7037    27.6446    27.6388     3.1080     3.1055    7.41553     2.0206     20.206 0.0000e+00
   1765.000     3.2443   3.240749    34.7113    27.6445    4.22701 -9.990e-29     3.2419   3.239945    34.7042    27.6390      0.461    34.7115    34.7044    27.6446    27.6391     3.1102     3.1079    7.41510     2.0212     20.212 0.0000e+00
   1766.000     3.2486   3.241255    34.7123    27.6448    4.24257 -9.990e-29     3.2470   3.240521    34.7051    27.6393      0.415    34.7125    34.7053    27.6450    27.6394     3.1143     3.1128    7.41425     2.0217     20.217 0.0000e+00
   1767.000     3.2665   3.243333    34.7171    27.6467    4.24008 1.0630e-02     3.2611   3.242260    34.7100    27.6415      0.699    34.7179    34.7108    27.6477    27.6425     3.1319     3.1415    7.41067     2.0223     20.223 0.0000e+00
   1768.000     3.2805   3.244818    34.7193    27.6475    4.25264 1.0630e-02     3.2777   3.243984    34.7123    27.6422      1.008    34.7204    34.7134    27.6484    27.6431     3.1456     3.1427    7.40796     2.0229     20.229 0.0000e+00
   1769.000     3.2782   3.244659    34.7195    27.6479    4.26095 1.0630e-02     3.2766   3.243883    34.7119    27.6420      1.229    34.7204    34.7129    27.6486    27.6427     3.1433     3.1417    7.40838     2.0234     20.234 0.0000e+00
   1770.000     3.2680   3.243676    34.7185    27.6480    4.26117 1.0630e-02     3.2648   3.242722    34.7105    27.6419      1.316    34.7190    34.7110    27.6484    27.6423     3.1331     3.1299    7.41034     2.0240     20.240 0.0000e+00
   1771.000     3.2695   3.244000    34.7202    27.6493    4.26547 1.0630e-02     3.2663   3.243192    34.7140    27.6446      1.254    34.7208    34.7145    27.6497    27.6450     3.1345     3.1314    7.40998     2.0246     20.246 0.0000e+00
   1772.000     3.2990   3.247243    34.7266    27.6517    4.27694 1.0630e-02     3.2944   3.246280    34.7200    27.6468      1.009    34.7279    34.7213    27.6527    27.6478     3.1634     3.1589    7.40418     2.0252     20.252 0.0000e+00
   1773.000     3.3045   3.247840    34.7276    27.6519    4.28144 1.0630e-02     3.3023   3.247042    34.7204    27.6464      0.559    34.7287    34.7216    27.6528    27.6473     3.1688     3.1667    7.40312     2.0257     20.257 0.0000e+00
   1774.000     3.3031   3.247751    34.7279    27.6523    4.27378 1.0630e-02     3.3010   3.246968    34.7208    27.6468      0.362    34.7286    34.7215    27.6529    27.6474     3.1674     3.1653    7.40338     2.0263     20.263 0.0000e+00
   1775.000     3.3030   3.247807    34.7283    27.6526    4.27902 -9.990e-29     3.3005   3.246959    34.7208    27.6469      0.805    34.7289    34.7215    27.6531    27.6475     3.1672     3.1647    7.40338     2.0269     20.269 0.0000e+00
   1776.000     3.3030   3.247850    34.7284    27.6527    4.28716 -9.990e-29     3.3002   3.246970    34.7209    27.6470      1.085    34.7289    34.7214    27.6532    27.6474     3.1671     3.1643    7.40338     2.0275     20.275 0.0000e+00
   1777.000     3.3037   3.247941    34.7283    27.6526    4.28008 1.0630e-02     3.3012   3.247129    34.7213    27.6472      1.025    34.7288    34.7218    27.6530    27.6476     3.1677     3.1652    7.40327     2.0281     20.281 0.0000e+00
   1778.000     3.3035   3.247967    34.7286    27.6528    4.29061 1.0630e-02     3.3018   3.247298    34.7223    27.6481      0.284    34.7288    34.7227    27.6530    27.6483     3.1674     3.1657    7.40329     2.0288     20.288 0.0000e+00
   1779.000     3.3217   3.250033    34.7329    27.6546    4.29976 1.0630e-02     3.3183   3.249104    34.7256    27.6491      0.964    34.7338    34.7263    27.6553    27.6497     3.1853     3.1819    7.39969     2.0294     20.294 0.0000e+00
