Data/ctd/proc_sb/sam03_ctd_8.cnv
* Sea-Bird SBE 9 Data File:
* FileName = D:\samoc03\ctddata\008.hex
* Software Version Seasave V 7.20d
* Temperature SN = 2951
* Conductivity SN = 2657
* Number of Bytes Per Scan = 31
* Number of Voltage Words = 2
* Number of Scans Averaged by the Deck Unit = 1
* NMEA Latitude = 34 28.98 S
* NMEA Longitude = 047 29.54 W
* NMEA UTC (Time) = Jul 10 2010  18:30:08
** Ship: Puerto Deseado
** Station: 008
** Operator: AnaP
** Posterior a la escucha de la ecosonda C
# nquan = 22
# nvalues = 9221                        
# units = specified
# name 0 = prDM: Pressure, Digiquartz [db]
# name 1 = t090C: Temperature [ITS-90, deg C]
# name 2 = c0S/m: Conductivity [S/m]
# name 3 = sal00: Salinity, Practical [PSU]
# name 4 = sigma-é00: Density [sigma-theta, Kg/m^3]
# name 5 = sbeox0ML/L: Oxygen, SBE 43 [ml/l]
# name 6 = flSP: Fluorescence, Seapoint
# name 7 = t190C: Temperature, 2 [ITS-90, deg C]
# name 8 = c1S/m: Conductivity, 2 [S/m]
# name 9 = sal11: Salinity, Practical, 2 [PSU]
# name 10 = sigma-é11: Density, 2 [sigma-theta, Kg/m^3]
# name 11 = dz/dtM: Descent Rate [m/s]
# name 12 = sal00: Salinity, Practical [PSU]
# name 13 = sal11: Salinity, Practical, 2 [PSU]
# name 14 = sigma-é00: Density [sigma-theta, Kg/m^3]
# name 15 = sigma-é11: Density, 2 [sigma-theta, Kg/m^3]
# name 16 = potemp090C: Potential Temperature [ITS-90, deg C]
# name 17 = potemp190C: Potential Temperature, 2 [ITS-90, deg C]
# name 18 = oxsatML/L: Oxygen Saturation, Weiss [ml/l]
# name 19 = dm: Dynamic Meters [10 J/Kg]
# name 20 = gpa: Geopotential Anomaly [J/Kg]
# name 21 = flag: flag
# span 0 =      1.000,   4612.000       
# span 1 =     0.1973,    17.6988       
# span 2 =   3.067698,   4.668460       
# span 3 =    34.1948,    35.8910       
# span 4 =    26.0104,    27.8595       
# span 5 =    3.82491,    5.62015       
# span 6 = -1.814e-03, 4.9521e-01       
# span 7 =     0.1955,    17.6973       
# span 8 =   3.066940,   4.667046       
# span 9 =    34.1875,    35.8792       
# span 10 =    26.0039,    27.8537      
# span 11 =   -308.984,    719.049      
# span 12 =    34.1946,    35.8912      
# span 13 =    33.9227,    35.8795      
# span 14 =    26.0106,    27.8593      
# span 15 =    26.0038,    27.8542      
# span 16 =    -0.1337,    17.6782      
# span 17 =    -0.1354,    17.6767      
# span 18 =    5.36521,    8.02101      
# span 19 =    -0.0007,     3.9525      
# span 20 =     -0.007,     39.525      
# span 21 = 0.0000e+00, 0.0000e+00      
# interval = decibars: 1                
# start_time = Jul 10 2010 18:30:08
# bad_flag = -9.990e-29
*END*
[from data line 5136]
   4085.000     0.2909   3.068677    34.6777    27.8462    4.78639 -9.990e-29     0.2894   3.067969    34.6703    27.8403     -0.881    34.6778    34.6704    27.8463    27.8404    -0.0023    -0.0036    8.00088     3.2901     32.901 0.0000e+00
   4084.000     0.2923   3.068753    34.6776    27.8461    4.78420 -9.990e-29     0.2905   3.068021    34.6702    27.8402     -0.736    34.6777    34.6703    27.8462    27.8403    -0.0008    -0.0025    8.00060     3.2901     32.901 0.0000e+00
   4083.000     0.2924   3.068728    34.6776    27.8461    4.80352 -9.990e-29     0.2910   3.068018    34.6702    27.8401     -0.747    34.6777    34.6702    27.8462    27.8401    -0.0007    -0.0019    8.00058     3.2901     32.901 0.0000e+00
   4082.000     0.2928   3.068732    34.6777    27.8461    4.79162 -9.990e-29     0.2917   3.068048    34.6702    27.8401     -0.847    34.6778    34.6704    27.8462    27.8402    -0.0002    -0.0012    8.00049     3.2901     32.901 0.0000e+00
   4081.000     0.2933   3.068755    34.6778    27.8461    4.80212 -9.990e-29     0.2923   3.068088    34.6704    27.8402     -0.996    34.6779    34.6705    27.8462    27.8403     0.0005    -0.0004    8.00037     3.2901     32.901 0.0000e+00
   4080.000     0.2941   3.068790    34.6778    27.8461    4.78618 1.0630e-02     0.2929   3.068107    34.6705    27.8402     -1.136    34.6779    34.6706    27.8462    27.8403     0.0014     0.0002    8.00020     3.2901     32.901 0.0000e+00
   4079.000     0.2949   3.068827    34.6778    27.8461    4.79932 1.0630e-02     0.2934   3.068107    34.6704    27.8401     -1.196    34.6780    34.6705    27.8462    27.8403     0.0023     0.0008    8.00002     3.2901     32.901 0.0000e+00
   4078.000     0.2951   3.068823    34.6781    27.8462    4.79999 1.0630e-02     0.2935   3.068090    34.6705    27.8402     -1.082    34.6782    34.6706    27.8463    27.8403     0.0025     0.0010    7.99998     3.2901     32.901 0.0000e+00
   4077.000     0.2949   3.068775    34.6781    27.8462    4.78752 1.0630e-02     0.2934   3.068047    34.6705    27.8402     -0.529    34.6781    34.6706    27.8463    27.8403     0.0025     0.0011    8.00001     3.2901     32.901 0.0000e+00
   4076.000     0.2953   3.068753    34.6779    27.8461    4.79137 1.0630e-02     0.2934   3.068003    34.6705    27.8402     -0.441    34.6779    34.6706    27.8461    27.8403     0.0029     0.0011    7.99995     3.2901     32.901 0.0000e+00
   4075.000     0.2959   3.068788    34.6780    27.8461    4.79276 1.0630e-02     0.2939   3.068021    34.6705    27.8402     -0.830    34.6781    34.6706    27.8462    27.8403     0.0036     0.0017    7.99980     3.2901     32.901 0.0000e+00
   4074.000     0.2963   3.068778    34.6779    27.8460    4.78867 1.0630e-02     0.2951   3.068080    34.6705    27.8401     -1.127    34.6780    34.6705    27.8461    27.8401     0.0041     0.0030    7.99973     3.2901     32.901 0.0000e+00
   4073.000     0.2970   3.068811    34.6780    27.8461    4.78918 1.0630e-02     0.2959   3.068118    34.6705    27.8401     -1.343    34.6781    34.6706    27.8462    27.8401     0.0049     0.0038    7.99958     3.2901     32.901 0.0000e+00
   4072.000     0.2974   3.068806    34.6780    27.8461    4.78639 1.0630e-02     0.2962   3.068113    34.6706    27.8401     -1.448    34.6781    34.6706    27.8461    27.8402     0.0054     0.0042    7.99950     3.2901     32.901 0.0000e+00
   4071.000     0.2979   3.068834    34.6782    27.8462    4.78581 1.0630e-02     0.2964   3.068104    34.6707    27.8402     -1.395    34.6783    34.6708    27.8463    27.8402     0.0060     0.0045    7.99938     3.2901     32.901 0.0000e+00
   4070.000     0.2984   3.068845    34.6782    27.8462    4.78515 1.0630e-02     0.2968   3.068116    34.6707    27.8402     -1.066    34.6783    34.6708    27.8463    27.8403     0.0066     0.0051    7.99927     3.2901     32.901 0.0000e+00
   4069.000     0.2986   3.068822    34.6782    27.8461    4.78474 1.0630e-02     0.2965   3.068048    34.6707    27.8402     -0.560    34.6783    34.6708    27.8462    27.8402     0.0068     0.0048    7.99924     3.2901     32.901 0.0000e+00
   4068.000     0.2993   3.068833    34.6780    27.8459    4.78258 -9.990e-29     0.2971   3.068045    34.6705    27.8399     -0.547    34.6781    34.6705    27.8460    27.8400     0.0076     0.0055    7.99910     3.2901     32.901 0.0000e+00
   4067.000     0.2999   3.068854    34.6781    27.8459    4.78490 -9.990e-29     0.2974   3.068058    34.6706    27.8401     -0.725    34.6782    34.6708    27.8460    27.8402     0.0083     0.0059    7.99897     3.2901     32.901 0.0000e+00
   4066.000     0.3005   3.068878    34.6781    27.8460    4.80281 -9.990e-29     0.3000   3.068232    34.6706    27.8399     -0.954    34.6783    34.6707    27.8461    27.8400     0.0090     0.0085    7.99884     3.2901     32.901 0.0000e+00
   4065.000     0.3016   3.068944    34.6781    27.8459    4.79761 -9.990e-29     0.3014   3.068337    34.6707    27.8399     -1.171    34.6783    34.6709    27.8460    27.8401     0.0102     0.0100    7.99859     3.2901     32.901 0.0000e+00
   4064.000     0.3029   3.069026    34.6782    27.8459    4.77991 -9.990e-29     0.3020   3.068361    34.6708    27.8400     -1.319    34.6784    34.6710    27.8460    27.8401     0.0115     0.0107    7.99832     3.2901     32.901 0.0000e+00
   4063.000     0.3036   3.069064    34.6783    27.8460    4.78101 -9.990e-29     0.3023   3.068347    34.6708    27.8399     -1.349    34.6785    34.6709    27.8461    27.8400     0.0123     0.0111    7.99816     3.2901     32.901 0.0000e+00
   4062.000     0.3035   3.069017    34.6784    27.8460    4.79156 -9.990e-29     0.3024   3.068336    34.6710    27.8401     -1.195    34.6785    34.6711    27.8461    27.8402     0.0123     0.0113    7.99819     3.2901     32.901 0.0000e+00
   4061.000     0.3030   3.068953    34.6785    27.8461    4.78880 -9.990e-29     0.3016   3.068235    34.6710    27.8401     -0.578    34.6786    34.6711    27.8462    27.8402     0.0120     0.0106    7.99828     3.2901     32.901 0.0000e+00
   4060.000     0.3030   3.068894    34.6783    27.8460    4.79068 -9.990e-29     0.3010   3.068136    34.6708    27.8400     -0.394    34.6784    34.6709    27.8460    27.8401     0.0120     0.0101    7.99830     3.2901     32.901 0.0000e+00
   4059.000     0.3043   3.068974    34.6783    27.8458    4.79187 -9.990e-29     0.3025   3.068232    34.6708    27.8399     -0.846    34.6784    34.6709    27.8459    27.8400     0.0134     0.0117    7.99802     3.2901     32.901 0.0000e+00
   4058.000     0.3055   3.069040    34.6783    27.8457    4.79344 -9.990e-29     0.3047   3.068388    34.6709    27.8398     -1.142    34.6784    34.6710    27.8458    27.8399     0.0147     0.0139    7.99777     3.2901     32.901 0.0000e+00
   4057.000     0.3067   3.069115    34.6784    27.8458    4.78395 -9.990e-29     0.3056   3.068440    34.6709    27.8398     -1.346    34.6785    34.6711    27.8459    27.8399     0.0159     0.0150    7.99752     3.2901     32.901 0.0000e+00
   4056.000     0.3074   3.069141    34.6783    27.8457    4.78059 -9.990e-29     0.3060   3.068443    34.6711    27.8399     -1.471    34.6785    34.6712    27.8458    27.8400     0.0167     0.0154    7.99737     3.2901     32.901 0.0000e+00
   4055.000     0.3071   3.069098    34.6786    27.8459    4.78802 -9.990e-29     0.3060   3.068409    34.6710    27.8399     -1.492    34.6787    34.6712    27.8460    27.8400     0.0165     0.0155    7.99742     3.2901     32.901 0.0000e+00
   4054.000     0.3072   3.069089    34.6788    27.8461    4.78200 -9.990e-29     0.3065   3.068424    34.6712    27.8400     -1.342    34.6789    34.6713    27.8462    27.8401     0.0167     0.0161    7.99739     3.2901     32.901 0.0000e+00
   4053.000     0.3074   3.069066    34.6788    27.8461    4.78190 -9.990e-29     0.3061   3.068358    34.6712    27.8400     -0.774    34.6789    34.6713    27.8461    27.8401     0.0170     0.0158    7.99735     3.2901     32.901 0.0000e+00
   4052.000     0.3071   3.068997    34.6787    27.8460    4.78036 1.0630e-02     0.3050   3.068229    34.6712    27.8400     -0.398    34.6787    34.6712    27.8460    27.8401     0.0168     0.0149    7.99742     3.2901     32.901 0.0000e+00
   4051.000     0.3082   3.069058    34.6786    27.8459    4.78071 1.0630e-02     0.3067   3.068335    34.6711    27.8399     -0.691    34.6787    34.6712    27.8459    27.8399     0.0180     0.0166    7.99717     3.2901     32.901 0.0000e+00
   4050.000     0.3098   3.069172    34.6788    27.8459    4.77711 1.0630e-02     0.3091   3.068505    34.6711    27.8398     -0.841    34.6789    34.6712    27.8460    27.8399     0.0197     0.0190    7.99683     3.2901     32.901 0.0000e+00
   4049.000     0.3110   3.069239    34.6787    27.8458    4.77625 1.0630e-02     0.3100   3.068565    34.6713    27.8398     -0.900    34.6789    34.6714    27.8459    27.8399     0.0209     0.0200    7.99658     3.2901     32.901 0.0000e+00
   4048.000     0.3120   3.069288    34.6786    27.8457    4.77874 1.0630e-02     0.3109   3.068604    34.6712    27.8397     -1.005    34.6788    34.6714    27.8458    27.8399     0.0220     0.0210    7.99637     3.2901     32.901 0.0000e+00
   4047.000     0.3130   3.069340    34.6786    27.8456    4.78237 -9.990e-29     0.3115   3.068633    34.6713    27.8398     -1.146    34.6788    34.6715    27.8457    27.8400     0.0231     0.0217    7.99616     3.2901     32.901 0.0000e+00
   4046.000     0.3135   3.069354    34.6787    27.8457    4.78734 -9.990e-29     0.3118   3.068636    34.6714    27.8398     -1.263    34.6789    34.6716    27.8458    27.8400     0.0237     0.0221    7.99605     3.2901     32.901 0.0000e+00
   4045.000     0.3138   3.069359    34.6789    27.8458    4.77836 -9.990e-29     0.3123   3.068638    34.6714    27.8399     -1.320    34.6791    34.6716    27.8459    27.8400     0.0240     0.0226    7.99598     3.2901     32.901 0.0000e+00
   4044.000     0.3140   3.069347    34.6790    27.8458    4.77103 -9.990e-29     0.3131   3.068663    34.6713    27.8396     -1.305    34.6791    34.6714    27.8459    27.8398     0.0244     0.0236    7.99593     3.2901     32.901 0.0000e+00
   4043.000     0.3137   3.069290    34.6791    27.8459    4.77542 1.0630e-02     0.3131   3.068646    34.6716    27.8399     -1.199    34.6792    34.6717    27.8460    27.8400     0.0241     0.0236    7.99600     3.2901     32.901 0.0000e+00
   4042.000     0.3146   3.069333    34.6791    27.8458    4.77523 1.0630e-02     0.3114   3.068468    34.6716    27.8400     -0.359    34.6792    34.6717    27.8459    27.8401     0.0252     0.0221    7.99580     3.2901     32.901 0.0000e+00
   4041.000     0.3146   3.069285    34.6790    27.8458    4.78819 -9.990e-29     0.3116   3.068425    34.6713    27.8397     -0.638    34.6791    34.6714    27.8458    27.8398     0.0252     0.0224    7.99582     3.2901     32.901 0.0000e+00
   4040.000     0.3151   3.069293    34.6789    27.8457    4.78537 -9.990e-29     0.3131   3.068522    34.6714    27.8397     -0.983    34.6790    34.6715    27.8458    27.8398     0.0259     0.0239    7.99570     3.2901     32.901 0.0000e+00
   4039.000     0.3161   3.069350    34.6791    27.8457    4.78388 -9.990e-29     0.3149   3.068669    34.6717    27.8398     -1.178    34.6792    34.6718    27.8458    27.8399     0.0269     0.0258    7.99550     3.2901     32.901 0.0000e+00
   4038.000     0.3182   3.069496    34.6790    27.8455    4.78716 -9.990e-29     0.3184   3.068942    34.6718    27.8397     -1.284    34.6791    34.6719    27.8457    27.8399     0.0290     0.0293    7.99504     3.2901     32.901 0.0000e+00
   4037.000     0.3200   3.069624    34.6790    27.8455    4.79241 -9.990e-29     0.3195   3.069009    34.6718    27.8397     -1.332    34.6792    34.6720    27.8457    27.8399     0.0309     0.0304    7.99466     3.2901     32.901 0.0000e+00
   4036.000     0.3208   3.069675    34.6792    27.8456    4.77188 -9.990e-29     0.3210   3.069103    34.6718    27.8396     -1.312    34.6794    34.6720    27.8458    27.8398     0.0318     0.0320    7.99448     3.2901     32.901 0.0000e+00
   4035.000     0.3210   3.069667    34.6794    27.8458    4.76778 -9.990e-29     0.3212   3.069086    34.6718    27.8396     -1.161    34.6796    34.6720    27.8459    27.8398     0.0321     0.0323    7.99443     3.2901     32.901 0.0000e+00
   4034.000     0.3225   3.069761    34.6795    27.8457    4.77870 1.0630e-02     0.3188   3.068848    34.6719    27.8398     -0.257    34.6796    34.6720    27.8459    27.8399     0.0336     0.0301    7.99412     3.2902     32.902 0.0000e+00
   4033.000     0.3211   3.069591    34.6793    27.8456    4.78685 1.0630e-02     0.3186   3.068771    34.6717    27.8396     -0.663    34.6794    34.6717    27.8457    27.8397     0.0324     0.0300    7.99442     3.2902     32.902 0.0000e+00
   4032.000     0.3222   3.069657    34.6794    27.8457    4.78072 1.0630e-02     0.3203   3.068891    34.6718    27.8396     -1.092    34.6795    34.6719    27.8457    27.8397     0.0335     0.0317    7.99419     3.2902     32.902 0.0000e+00
   4031.000     0.3236   3.069743    34.6794    27.8456    4.77352 1.0630e-02     0.3222   3.069036    34.6719    27.8396     -1.351    34.6795    34.6720    27.8457    27.8397     0.0350     0.0337    7.99389     3.2902     32.902 0.0000e+00
   4030.000     0.3248   3.069829    34.6796    27.8457    4.76767 -9.990e-29     0.3234   3.069118    34.6721    27.8397     -1.430    34.6797    34.6723    27.8458    27.8398     0.0362     0.0349    7.99363     3.2902     32.902 0.0000e+00
   4029.000     0.3248   3.069805    34.6797    27.8458    4.76855 -9.990e-29     0.3237   3.069108    34.6721    27.8397     -1.255    34.6799    34.6723    27.8459    27.8398     0.0363     0.0353    7.99362     3.2902     32.902 0.0000e+00
   4028.000     0.3244   3.069738    34.6797    27.8458    4.77381 -9.990e-29     0.3229   3.069005    34.6721    27.8397     -0.723    34.6798    34.6722    27.8459    27.8398     0.0361     0.0347    7.99370     3.2902     32.902 0.0000e+00
   4027.000     0.3244   3.069686    34.6796    27.8457    4.77182 -9.990e-29     0.3227   3.068945    34.6720    27.8396     -0.582    34.6796    34.6721    27.8457    27.8397     0.0362     0.0346    7.99371     3.2902     32.902 0.0000e+00
   4026.000     0.3262   3.069799    34.6794    27.8455    4.77288 -9.990e-29     0.3236   3.069014    34.6723    27.8399     -0.833    34.6796    34.6724    27.8456    27.8399     0.0380     0.0356    7.99334     3.2902     32.902 0.0000e+00
   4025.000     0.3271   3.069870    34.6797    27.8456    4.77264 -9.990e-29     0.3260   3.069191    34.6724    27.8398     -0.912    34.6799    34.6725    27.8458    27.8399     0.0390     0.0380    7.99312     3.2902     32.902 0.0000e+00
   4024.000     0.3279   3.069903    34.6798    27.8456    4.77513 -9.990e-29     0.3264   3.069177    34.6722    27.8396     -0.743    34.6799    34.6724    27.8457    27.8397     0.0399     0.0385    7.99296     3.2902     32.902 0.0000e+00
   4023.000     0.3278   3.069862    34.6798    27.8456    4.76899 -9.990e-29     0.3266   3.069160    34.6723    27.8396     -0.657    34.6799    34.6724    27.8457    27.8397     0.0399     0.0388    7.99297     3.2902     32.902 0.0000e+00
   4022.000     0.3287   3.069899    34.6797    27.8456    4.77073 -9.990e-29     0.3264   3.069117    34.6724    27.8397     -0.778    34.6799    34.6725    27.8457    27.8398     0.0409     0.0387    7.99279     3.2902     32.902 0.0000e+00
   4021.000     0.3296   3.069942    34.6798    27.8456    4.77862 -9.990e-29     0.3280   3.069215    34.6723    27.8396     -0.867    34.6799    34.6724    27.8456    27.8397     0.0418     0.0403    7.99261     3.2902     32.902 0.0000e+00
