Data/ctd/proc_sb/sam03_ctd_4.cnv
* Sea-Bird SBE 9 Data File:
* FileName = D:\samoc03\ctddata\004.hex
* Software Version Seasave V 7.20d
* Temperature SN = 2951
* Conductivity SN = 2657
* Number of Bytes Per Scan = 31
* Number of Voltage Words = 2
* Number of Scans Averaged by the Deck Unit = 1
* NMEA Latitude = 34 30.07 S
* NMEA Longitude = 051 29.77 W
* NMEA UTC (Time) = Jul 07 2010  18:29:52
** Ship: Puerto Deseado
** Station: 004
** Operator: AnaP
** 1era estación de la pierna de las pies. CTD de SHN
# nquan = 22
# nvalues = 2728                        
# units = specified
# name 0 = prDM: Pressure, Digiquartz [db]
# name 1 = t090C: Temperature [ITS-90, deg C]
# name 2 = c0S/m: Conductivity [S/m]
# name 3 = sal00: Salinity, Practical [PSU]
# name 4 = sigma-é00: Density [sigma-theta, Kg/m^3]
# name 5 = sbeox0ML/L: Oxygen, SBE 43 [ml/l]
# name 6 = flSP: Fluorescence, Seapoint
# name 7 = t190C: Temperature, 2 [ITS-90, deg C]
# name 8 = c1S/m: Conductivity, 2 [S/m]
# name 9 = sal11: Salinity, Practical, 2 [PSU]
# name 10 = sigma-é11: Density, 2 [sigma-theta, Kg/m^3]
# name 11 = dz/dtM: Descent Rate [m/s]
# name 12 = sal00: Salinity, Practical [PSU]
# name 13 = sal11: Salinity, Practical, 2 [PSU]
# name 14 = sigma-é00: Density [sigma-theta, Kg/m^3]
# name 15 = sigma-é11: Density, 2 [sigma-theta, Kg/m^3]
# name 16 = potemp090C: Potential Temperature [ITS-90, deg C]
# name 17 = potemp190C: Potential Temperature, 2 [ITS-90, deg C]
# name 18 = oxsatML/L: Oxygen Saturation, Weiss [ml/l]
# name 19 = dm: Dynamic Meters [10 J/Kg]
# name 20 = gpa: Geopotential Anomaly [J/Kg]
# name 21 = flag: flag
# span 0 =      1.000,   1366.000       
# span 1 =     2.9860,    20.2095       
# span 2 =   3.172575,   4.962269       
# span 3 =    29.5590,    36.2118       
# span 4 =    21.6704,    27.4507       
# span 5 =   -2.19709,   -1.25092       
# span 6 = -8.004e-04, 1.3306e+00       
# span 7 =     2.9833,    20.2112       
# span 8 =   3.171706,   4.961221       
# span 9 =    28.3476,    36.1987       
# span 10 =    20.7416,    27.4452      
# span 11 =     -2.000,      1.772      
# span 12 =    29.5883,    36.2123      
# span 13 =    28.2362,    36.1992      
# span 14 =    21.6929,    27.4507      
# span 15 =    20.6563,    27.4452      
# span 16 =     2.8970,    20.1948      
# span 17 =     2.8937,    20.1964      
# span 18 =    5.10918,    7.47780      
# span 19 =     0.0013,     2.8166      
# span 20 =      0.013,     28.166      
# span 21 = 0.0000e+00, 0.0000e+00      
# interval = decibars: 1                
# start_time = Jul 07 2010 18:29:52
# bad_flag = -9.990e-29
*END*
[from data line 132]
    136.000    16.1824   4.491089    35.6880    26.2400   -1.36562 5.6616e-02    16.1760   4.489327    35.6780    26.2338      1.031    35.6807    35.6707    26.2343    26.2282    16.1607    16.1543    5.53256     0.4035      4.035 0.0000e+00
    137.000    16.1561   4.488176    35.6825    26.2418   -1.37110 4.6880e-02    16.1510   4.486569    35.6727    26.2355      0.150    35.6780    35.6682    26.2384    26.2321    16.1342    16.1291    5.53552     0.4054      4.054 0.0000e+00
    138.000    16.1179   4.483722    35.6770    26.2465   -1.37169 5.2442e-02    16.1140   4.482181    35.6667    26.2395      0.680    35.6722    35.6620    26.2428    26.2358    16.0958    16.0920    5.53988     0.4072      4.072 0.0000e+00
    139.000    16.0717   4.478353    35.6706    26.2522   -1.37218 4.1387e-02    16.0690   4.476885    35.6600    26.2447      0.923    35.6654    35.6548    26.2482    26.2407    16.0495    16.0468    5.54515     0.4091      4.091 0.0000e+00
    140.000    16.0198   4.472406    35.6643    26.2594   -1.37365 5.1782e-02    16.0205   4.471435    35.6550    26.2520      0.973    35.6586    35.6493    26.2549    26.2476    15.9975    15.9982    5.55106     0.4109      4.109 0.0000e+00
    141.000    15.9913   4.469146    35.6599    26.2625   -1.37517 5.4886e-02    15.9812   4.466994    35.6498    26.2571      0.675    35.6547    35.6445    26.2585    26.2530    15.9689    15.9588    5.55432     0.4127      4.127 0.0000e+00
    142.000    15.9276   4.461773    35.6509    26.2702   -1.37839 4.2947e-02    15.9184   4.459625    35.6398    26.2638      0.423    35.6456    35.6346    26.2662    26.2598    15.9051    15.8959    5.56162     0.4145      4.145 0.0000e+00
    143.000    15.8328   4.450893    35.6388    26.2826   -1.38183 3.7955e-02    15.8162   4.447952    35.6272    26.2775      0.351    35.6331    35.6216    26.2783    26.2732    15.8102    15.7937    5.57248     0.4162      4.162 0.0000e+00
    144.000    15.7556   4.441939    35.6282    26.2921   -1.38296 3.7219e-02    15.7501   4.440194    35.6175    26.2851      0.595    35.6219    35.6112    26.2872    26.2802    15.7330    15.7275    5.58138     0.4180      4.180 0.0000e+00
    145.000    15.7144   4.437291    35.6233    26.2978   -1.38320 4.1435e-02    15.7106   4.435837    35.6136    26.2911      0.864    35.6169    35.6072    26.2928    26.2862    15.6916    15.6879    5.58612     0.4198      4.198 0.0000e+00
    146.000    15.6755   4.432832    35.6179    26.3024   -1.38341 2.6774e-02    15.6713   4.431261    35.6076    26.2954      0.993    35.6114    35.6011    26.2974    26.2904    15.6527    15.6485    5.59061     0.4216      4.216 0.0000e+00
    147.000    15.6404   4.428898    35.6136    26.3071   -1.38387 2.9308e-02    15.6356   4.427341    35.6038    26.3006      0.822    35.6073    35.5976    26.3023    26.2959    15.6174    15.6126    5.59466     0.4233      4.233 0.0000e+00
    148.000    15.6011   4.424352    35.6063    26.3104   -1.38968 3.2371e-02    15.5964   4.422863    35.5962    26.3041      0.238    35.6022    35.5922    26.3072    26.3006    15.5780    15.5733    5.59920     0.4251      4.251 0.0000e+00
    149.000    15.5341   4.416814    35.5987    26.3197   -1.39260 3.0581e-02    15.5288   4.415204    35.5890    26.3134      0.618    35.5936    35.5838    26.3157    26.3094    15.5109    15.5056    5.60696     0.4268      4.268 0.0000e+00
    150.000    15.5040   4.413318    35.5941    26.3230   -1.39545 3.0055e-02    15.4997   4.411757    35.5839    26.3161      0.944    35.5889    35.5786    26.3189    26.3120    15.4806    15.4764    5.61049     0.4286      4.286 0.0000e+00
    151.000    15.4581   4.408073    35.5882    26.3288   -1.39646 4.4810e-02    15.4530   4.406384    35.5777    26.3218      1.083    35.5825    35.5719    26.3243    26.3174    15.4347    15.4295    5.61583     0.4303      4.303 0.0000e+00
    152.000    15.3799   4.399146    35.5786    26.3389   -1.39671 5.2169e-02    15.3657   4.396316    35.5660    26.3324      0.805    35.5721    35.5594    26.3339    26.3273    15.3565    15.3422    5.62495     0.4320      4.320 0.0000e+00
    153.000    15.2236   4.381327    35.5602    26.3596   -1.39698 3.7673e-02    15.2158   4.379376    35.5496    26.3532      0.468    35.5517    35.5410    26.3531    26.3466    15.2001    15.1924    5.64324     0.4338      4.338 0.0000e+00
    154.000    15.1904   4.377507    35.5526    26.3612   -1.41049 2.5749e-02    15.1834   4.375663    35.5421    26.3547      0.261    35.5467    35.5363    26.3567    26.3502    15.1668    15.1598    5.64717     0.4355      4.355 0.0000e+00
    155.000    15.0850   4.365168    35.5368    26.3724   -1.41572 2.5018e-02    15.0768   4.362913    35.5236    26.3640      0.612    35.5297    35.5165    26.3669    26.3586    15.0614    15.0532    5.65970     0.4372      4.372 0.0000e+00
    156.000    14.9446   4.348503    35.5145    26.3862   -1.41541 2.6528e-02    14.9291   4.344798    35.4947    26.3743      1.006    35.5047    35.4849    26.3786    26.3667    14.9210    14.9055    5.67655     0.4389      4.389 0.0000e+00
    157.000    14.7460   4.326138    35.4942    26.4140   -1.41054 3.2489e-02    14.7370   4.323678    35.4798    26.4048      1.187    35.4804    35.4660    26.4033    26.3942    14.7224    14.7134    5.70015     0.4406      4.406 0.0000e+00
    158.000    14.6573   4.316247    35.4844    26.4257   -1.40621 2.7419e-02    14.6488   4.314119    35.4726    26.4185      1.226    35.4700    35.4582    26.4146    26.4074    14.6337    14.6252    5.71074     0.4423      4.423 0.0000e+00
    159.000    14.5867   4.308442    35.4737    26.4328   -1.42017 2.6658e-02    14.5781   4.306286    35.4617    26.4254      0.532    35.4621    35.4501    26.4239    26.4165    14.5630    14.5544    5.71916     0.4442      4.442 0.0000e+00
    160.000    14.4898   4.297482    35.4600    26.4432   -1.42355 3.1705e-02    14.4827   4.295405    35.4473    26.4349      0.706    35.4492    35.4366    26.4349    26.4267    14.4661    14.4590    5.73085     0.4462      4.462 0.0000e+00
    161.000    14.4021   4.287525    35.4489    26.4535   -1.41668 3.9645e-02    14.3933   4.285084    35.4344    26.4459      1.080    35.4370    35.4225    26.4443    26.4350    14.3783    14.3696    5.74149     0.4478      4.478 0.0000e+00
    162.000    14.3504   4.281978    35.4445    26.4613   -1.42429 4.1617e-02    14.3458   4.280382    35.4340    26.4541      1.236    35.4326    35.4221    26.4521    26.4449    14.3266    14.3219    5.74767     0.4494      4.494 0.0000e+00
    163.000    14.4000   4.287312    35.4436    26.4538   -1.43073 2.3275e-02    14.3297   4.278825    35.4288    26.4536      0.450    35.4361    35.4220    26.4441    26.4483    14.3759    14.3057    5.74180     0.4510      4.510 0.0000e+00
    164.000    14.2879   4.274949    35.4322    26.4651   -1.43169 2.4010e-02    14.2824   4.272963    35.4187    26.4560      0.570    35.4240    35.4105    26.4588    26.4496    14.2638    14.2583    5.75529     0.4527      4.527 0.0000e+00
    165.000    14.1646   4.260704    35.4147    26.4779   -1.42735 1.3095e-02    14.1571   4.258463    35.4008    26.4687      0.921    35.4044    35.3904    26.4699    26.4607    14.1405    14.1330    5.77046     0.4543      4.543 0.0000e+00
    166.000    14.1427   4.258390    35.4105    26.4801   -1.43383 1.9031e-02    14.0969   4.252344    35.3972    26.4788      0.855    35.4025    35.3883    26.4732    26.4719    14.1185    14.0728    5.77312     0.4559      4.559 0.0000e+00
    167.000    14.0717   4.250531    35.4011    26.4871   -1.44165 2.6828e-02    14.0499   4.247173    35.3898    26.4830      0.220    35.3942    35.3830    26.4818    26.4778    14.0474    14.0256    5.78177     0.4577      4.577 0.0000e+00
    168.000    13.9978   4.242160    35.3915    26.4954   -1.44135 1.5744e-02    13.9920   4.240243    35.3790    26.4870      0.763    35.3837    35.3711    26.4893    26.4808    13.9734    13.9677    5.79088     0.4593      4.593 0.0000e+00
    169.000    13.9093   4.232166    35.3805    26.5055   -1.44148 2.0443e-02    13.9023   4.230169    35.3682    26.4975      1.036    35.3713    35.3590    26.4984    26.4904    13.8849    13.8779    5.80182     0.4609      4.609 0.0000e+00
    170.000    13.8503   4.225975    35.3768    26.5150   -1.44188 1.5145e-02    13.8479   4.224736    35.3674    26.5083      1.124    35.3673    35.3579    26.5077    26.5009    13.8259    13.8235    5.80898     0.4624      4.624 0.0000e+00
    171.000    13.8401   4.224970    35.3746    26.5156   -1.44260 1.7990e-02    13.8378   4.223844    35.3662    26.5095      0.683    35.3669    35.3585    26.5096    26.5035    13.8155    13.8132    5.81021     0.4640      4.640 0.0000e+00
    172.000    13.8219   4.223024    35.3707    26.5163   -1.44387 1.3867e-02    13.8154   4.221459    35.3620    26.5109      0.336    35.3650    35.3563    26.5120    26.5066    13.7972    13.7907    5.81245     0.4656      4.656 0.0000e+00
    173.000    13.7956   4.220150    35.3665    26.5186   -1.44617 1.2130e-02    13.7921   4.218899    35.3580    26.5127      0.420    35.3619    35.3533    26.5151    26.5092    13.7707    13.7673    5.81570     0.4671      4.671 0.0000e+00
    174.000    13.7657   4.216778    35.3615    26.5211   -1.44949 2.1184e-02    13.7613   4.215394    35.3526    26.5151      0.458    35.3574    35.3485    26.5179    26.5118    13.7408    13.7364    5.81942     0.4687      4.687 0.0000e+00
    175.000    13.7407   4.213885    35.3572    26.5229   -1.44939 1.5189e-02    13.7410   4.213073    35.3492    26.5167      0.786    35.3529    35.3450    26.5196    26.5134    13.7156    13.7160    5.82258     0.4702      4.702 0.0000e+00
    176.000    13.7259   4.212163    35.3541    26.5237   -1.44793 1.2619e-02    13.7232   4.210923    35.3450    26.5172      1.092    35.3500    35.3408    26.5204    26.5140    13.7007    13.6980    5.82445     0.4718      4.718 0.0000e+00
    177.000    13.6991   4.209011    35.3491    26.5253   -1.44547 1.7090e-02    13.6949   4.207561    35.3394    26.5187      1.252    35.3447    35.3349    26.5219    26.5153    13.6738    13.6697    5.82785     0.4734      4.734 0.0000e+00
    178.000    13.6610   4.204611    35.3430    26.5286   -1.44492 1.3034e-02    13.6543   4.202739    35.3316    26.5212      1.292    35.3381    35.3267    26.5248    26.5173    13.6357    13.6289    5.83265     0.4749      4.749 0.0000e+00
    179.000    13.5921   4.196746    35.3321    26.5346   -1.45470 1.2995e-02    13.5665   4.192703    35.3177    26.5286      1.009    35.3273    35.3129    26.5308    26.5249    13.5667    13.5410    5.84132     0.4781      4.781 0.0000e+00
    180.000    13.5253   4.188806    35.3192    26.5382   -1.45904 1.0578e-02    13.5157   4.186789    35.3090    26.5324      1.163    35.3138    35.3036    26.5341    26.5282    13.4998    13.4903    5.84986     0.4805      4.805 0.0000e+00
    181.000    13.4777   4.183445    35.3130    26.5434   -1.45469 1.8886e-02    13.4698   4.181373    35.3007    26.5355      1.298    35.3069    35.2945    26.5386    26.5307    13.4521    13.4443    5.85586     0.4820      4.820 0.0000e+00
    182.000    13.3701   4.171142    35.2981    26.5539   -1.45226 1.5592e-02    13.3579   4.168286    35.2823    26.5442      1.345    35.2897    35.2740    26.5474    26.5377    13.3445    13.3324    5.86952     0.4835      4.835 0.0000e+00
    183.000    13.2970   4.163143    35.2906    26.5630   -1.45240 2.9647e-02    13.2885   4.161257    35.2806    26.5570      1.360    35.2813    35.2713    26.5558    26.5498    13.2714    13.2629    5.87871     0.4851      4.851 0.0000e+00
    184.000    13.2598   4.159278    35.2851    26.5664   -1.46984 1.2422e-02    13.2545   4.157652    35.2746    26.5594      0.473    35.2787    35.2681    26.5615    26.5543    13.2341    13.2288    5.88333     0.4875      4.875 0.0000e+00
    185.000    13.2077   4.153174    35.2756    26.5697   -1.47021 2.5358e-02    13.2017   4.151323    35.2637    26.5616      0.882    35.2686    35.2567    26.5643    26.5562    13.1819    13.1759    5.89005     0.4890      4.890 0.0000e+00
    186.000    13.1471   4.146373    35.2677    26.5758   -1.47004 6.4919e-02    13.1413   4.144593    35.2562    26.5681      1.134    35.2598    35.2483    26.5697    26.5620    13.1213    13.1155    5.89778     0.4906      4.906 0.0000e+00
    187.000    13.1091   4.142212    35.2631    26.5800   -1.46649 3.9188e-02    13.1045   4.140704    35.2530    26.5731      1.277    35.2551    35.2450    26.5738    26.5669    13.0832    13.0786    5.90261     0.4921      4.921 0.0000e+00
    188.000    13.0677   4.137547    35.2571    26.5837   -1.46443 5.0296e-02    13.0628   4.135977    35.2467    26.5766      1.348    35.2487    35.2383    26.5772    26.5702    13.0417    13.0368    5.90793     0.4936      4.936 0.0000e+00
    189.000    13.0329   4.133786    35.2524    26.5871   -1.46942 3.0277e-02    13.0271   4.132153    35.2422    26.5804      1.135    35.2448    35.2346    26.5813    26.5745    13.0068    13.0010    5.91235     0.4954      4.954 0.0000e+00
    190.000    12.9729   4.127216    35.2434    26.5922   -1.48967 1.1218e-02    12.9673   4.125643    35.2336    26.5857      0.754    35.2375    35.2277    26.5877    26.5812    12.9467    12.9412    5.92001     0.4981      4.981 0.0000e+00
    191.000    12.9165   4.120561    35.2327    26.5953   -1.48934 1.8393e-02    12.9072   4.117992    35.2167    26.5848      1.010    35.2260    35.2101    26.5901    26.5796    12.8903    12.8810    5.92740     0.4996      4.996 0.0000e+00
    192.000    12.7182   4.097696    35.2025    26.6114   -1.48821 1.8998e-02    12.7078   4.094713    35.1835    26.5987      1.171    35.1913    35.1723    26.6027    26.5901    12.6921    12.6818    5.95328     0.5011      5.011 0.0000e+00
    193.000    12.5812   4.082143    35.1827    26.6232   -1.48281 2.0055e-02    12.5646   4.078672    35.1650    26.6126      1.238    35.1693    35.1513    26.6127    26.6020    12.5552    12.5386    5.97121     0.5025      5.025 0.0000e+00
    194.000    12.5102   4.074065    35.1686    26.6260   -1.48990 1.6508e-02    12.4757   4.069464    35.1564    26.6234      0.648    35.1573    35.1452    26.6174    26.6148    12.4842    12.4497    5.98056     0.5041      5.041 0.0000e+00
    195.000    12.4405   4.066453    35.1572    26.6310   -1.49529 1.3982e-02    12.4318   4.064429    35.1458    26.6238      0.473    35.1486    35.1372    26.6243    26.6171    12.4144    12.4057    5.98965     0.5058      5.058 0.0000e+00
    196.000    12.3929   4.061045    35.1489    26.6339   -1.49659 1.3181e-02    12.3889   4.059686    35.1396    26.6274      0.790    35.1404    35.1311    26.6273    26.6208    12.3668    12.3627    5.99595     0.5072      5.072 0.0000e+00
    197.000    12.3613   4.057585    35.1439    26.6361   -1.49803 1.5853e-02    12.3603   4.056595    35.1351    26.6296      0.698    35.1362    35.1275    26.6302    26.6236    12.3350    12.3341    6.00011     0.5087      5.087 0.0000e+00
    198.000    12.3311   4.054152    35.1377    26.6373   -1.49886 1.3523e-02    12.3216   4.052176    35.1275    26.6312      0.618    35.1308    35.1205    26.6319    26.6258    12.3047    12.2953    6.00413     0.5101      5.101 0.0000e+00
    199.000    12.2971   4.050424    35.1327    26.6400   -1.49904 1.3230e-02    12.2906   4.048798    35.1230    26.6337      0.794    35.1261    35.1164    26.6348    26.6286    12.2707    12.2642    6.00860     0.5116      5.116 0.0000e+00
    200.000    12.2575   4.046049    35.1264    26.6428   -1.49947 1.1814e-02    12.2510   4.044469    35.1171    26.6369      0.578    35.1203    35.1110    26.6381    26.6321    12.2310    12.2246    6.01384     0.5130      5.130 0.0000e+00
