Data/ctd/proc_sb/sam03_ctd_7.cnv
* Sea-Bird SBE 9 Data File:
* FileName = D:\samoc03\ctddata\007.hex
* Software Version Seasave V 7.20d
* Temperature SN = 2951
* Conductivity SN = 2657
* Number of Bytes Per Scan = 31
* Number of Voltage Words = 2
* Number of Scans Averaged by the Deck Unit = 1
* NMEA Latitude = 34 29.86 S
* NMEA Longitude = 048 29.65 W
* NMEA UTC (Time) = Jul 10 2010  05:17:47
** Ship: Puerto Deseado
** Station: 007
** Operator: arp
# nquan = 22
# nvalues = 8234                        
# units = specified
# name 0 = prDM: Pressure, Digiquartz [db]
# name 1 = t090C: Temperature [ITS-90, deg C]
# name 2 = c0S/m: Conductivity [S/m]
# name 3 = sal00: Salinity, Practical [PSU]
# name 4 = sigma-é00: Density [sigma-theta, Kg/m^3]
# name 5 = sbeox0ML/L: Oxygen, SBE 43 [ml/l]
# name 6 = flSP: Fluorescence, Seapoint
# name 7 = t190C: Temperature, 2 [ITS-90, deg C]
# name 8 = c1S/m: Conductivity, 2 [S/m]
# name 9 = sal11: Salinity, Practical, 2 [PSU]
# name 10 = sigma-é11: Density, 2 [sigma-theta, Kg/m^3]
# name 11 = dz/dtM: Descent Rate [m/s]
# name 12 = sal00: Salinity, Practical [PSU]
# name 13 = sal11: Salinity, Practical, 2 [PSU]
# name 14 = sigma-é00: Density [sigma-theta, Kg/m^3]
# name 15 = sigma-é11: Density, 2 [sigma-theta, Kg/m^3]
# name 16 = potemp090C: Potential Temperature [ITS-90, deg C]
# name 17 = potemp190C: Potential Temperature, 2 [ITS-90, deg C]
# name 18 = oxsatML/L: Oxygen Saturation, Weiss [ml/l]
# name 19 = dm: Dynamic Meters [10 J/Kg]
# name 20 = gpa: Geopotential Anomaly [J/Kg]
# name 21 = flag: flag
# span 0 =      1.000,   4119.000       
# span 1 =     0.2316,    18.9460       
# span 2 =   3.062645,   4.840057       
# span 3 =    34.2567,    36.2484       
# span 4 =    25.7591,    27.8475       
# span 5 =    3.14440,    5.42406       
# span 6 = -1.696e-03, 4.1329e-01       
# span 7 =     0.2298,    18.9466       
# span 8 =   3.061865,   4.839381       
# span 9 =    34.2487,    36.2374       
# span 10 =    25.9840,    27.8414      
# span 11 =   -521.335,    673.286      
# span 12 =    34.2549,    36.2486      
# span 13 =    34.2465,    36.2376      
# span 14 =    25.7588,    27.8475      
# span 15 =    25.9867,    27.8414      
# span 16 =    -0.0616,    18.9205      
# span 17 =    -0.0634,    18.9211      
# span 18 =    5.22866,    8.01356      
# span 19 =     0.0006,     4.4271      
# span 20 =      0.006,     44.271      
# span 21 = 0.0000e+00, 0.0000e+00      
# interval = decibars: 1                
# start_time = Jul 10 2010 05:17:47
# bad_flag = -9.990e-29
*END*
[from data line 5400]
   2834.000     2.6502   3.244875    34.8836    27.8434    5.15111 1.0630e-02     2.6492   3.244203    34.8766    27.8379     -0.667    34.8842    34.8772    27.8439    27.8383     2.4241     2.4232    7.51773     3.6595     36.595 0.0000e+00
   2833.000     2.6563   3.245401    34.8841    27.8433    5.15015 1.0630e-02     2.6545   3.244613    34.8765    27.8374     -0.502    34.8846    34.8770    27.8437    27.8378     2.4302     2.4284    7.51656     3.6596     36.596 0.0000e+00
   2832.000     2.6566   3.245385    34.8841    27.8432    5.15968 1.0630e-02     2.6551   3.244654    34.8769    27.8376     -0.954    34.8845    34.8773    27.8436    27.8380     2.4306     2.4291    7.51651     3.6596     36.596 0.0000e+00
   2831.000     2.6574   3.245423    34.8841    27.8432    5.15989 -9.990e-29     2.6558   3.244671    34.8768    27.8375     -1.267    34.8845    34.8772    27.8435    27.8378     2.4315     2.4299    7.51635     3.6596     36.596 0.0000e+00
   2830.000     2.6580   3.245427    34.8840    27.8431    5.14820 -9.990e-29     2.6564   3.244699    34.8769    27.8375     -1.490    34.8844    34.8773    27.8434    27.8379     2.4321     2.4307    7.51625     3.6596     36.596 0.0000e+00
   2829.000     2.6600   3.245596    34.8844    27.8431    5.14156 -9.990e-29     2.6580   3.244828    34.8772    27.8376     -1.601    34.8848    34.8776    27.8435    27.8380     2.4342     2.4323    7.51585     3.6596     36.596 0.0000e+00
   2828.000     2.6644   3.245954    34.8844    27.8428    5.14807 -9.990e-29     2.6604   3.245016    34.8773    27.8375     -1.561    34.8849    34.8778    27.8432    27.8379     2.4386     2.4348    7.51501     3.6596     36.596 0.0000e+00
   2827.000     2.6683   3.246321    34.8850    27.8430    5.15040 1.0630e-02     2.6639   3.245326    34.8778    27.8376     -1.208    34.8856    34.8784    27.8434    27.8380     2.4426     2.4382    7.51423     3.6596     36.596 0.0000e+00
   2826.000     2.6767   3.247088    34.8860    27.8430    5.16286 1.0630e-02     2.6741   3.246232    34.8784    27.8372     -0.083    34.8864    34.8789    27.8434    27.8376     2.4509     2.4483    7.51260     3.6597     36.597 0.0000e+00
   2825.000     2.6751   3.246906    34.8860    27.8432    5.15182 1.0630e-02     2.6734   3.246139    34.8786    27.8374     -0.784    34.8864    34.8790    27.8435    27.8377     2.4494     2.4478    7.51291     3.6597     36.597 0.0000e+00
   2824.000     2.6755   3.246907    34.8860    27.8431    5.15871 -9.990e-29     2.6736   3.246122    34.8787    27.8374     -1.160    34.8864    34.8790    27.8434    27.8377     2.4499     2.4480    7.51282     3.6597     36.597 0.0000e+00
   2823.000     2.6753   3.246851    34.8860    27.8432    5.16136 -9.990e-29     2.6734   3.246055    34.8786    27.8374     -1.399    34.8864    34.8789    27.8434    27.8376     2.4498     2.4480    7.51286     3.6597     36.597 0.0000e+00
   2822.000     2.6755   3.246829    34.8861    27.8432    5.15818 -9.990e-29     2.6734   3.246038    34.8789    27.8376     -1.430    34.8864    34.8792    27.8435    27.8378     2.4501     2.4480    7.51283     3.6597     36.597 0.0000e+00
   2821.000     2.6761   3.246844    34.8861    27.8431    5.15681 -9.990e-29     2.6739   3.246017    34.8786    27.8373     -1.156    34.8864    34.8788    27.8433    27.8375     2.4508     2.4486    7.51271     3.6597     36.597 0.0000e+00
   2820.000     2.6780   3.246932    34.8856    27.8426    5.15799 -9.990e-29     2.6751   3.246085    34.8785    27.8371     -0.694    34.8859    34.8788    27.8428    27.8373     2.4528     2.4500    7.51238     3.6597     36.597 0.0000e+00
   2819.000     2.6796   3.247058    34.8859    27.8427    5.15228 -9.990e-29     2.6786   3.246374    34.8787    27.8370     -0.708    34.8862    34.8790    27.8429    27.8372     2.4544     2.4535    7.51206     3.6597     36.597 0.0000e+00
   2818.000     2.6809   3.247138    34.8859    27.8426    5.14974 -9.990e-29     2.6812   3.246560    34.8787    27.8368     -0.910    34.8862    34.8790    27.8428    27.8370     2.4558     2.4561    7.51182     3.6597     36.597 0.0000e+00
   2817.000     2.6823   3.247261    34.8864    27.8428    5.15379 -9.990e-29     2.6823   3.246661    34.8791    27.8370     -1.039    34.8867    34.8794    27.8430    27.8373     2.4573     2.4573    7.51153     3.6597     36.597 0.0000e+00
   2816.000     2.6855   3.247522    34.8865    27.8426    5.15610 -9.990e-29     2.6839   3.246768    34.8791    27.8369     -0.979    34.8868    34.8795    27.8429    27.8371     2.4605     2.4590    7.51091     3.6597     36.597 0.0000e+00
   2815.000     2.6863   3.247556    34.8866    27.8426    5.16173 -9.990e-29     2.6855   3.246890    34.8794    27.8370     -0.833    34.8869    34.8797    27.8428    27.8372     2.4614     2.4606    7.51076     3.6597     36.597 0.0000e+00
   2814.000     2.6879   3.247686    34.8868    27.8427    5.15611 -9.990e-29     2.6872   3.247020    34.8796    27.8370     -0.858    34.8872    34.8800    27.8430    27.8372     2.4631     2.4624    7.51044     3.6597     36.597 0.0000e+00
   2813.000     2.6903   3.247860    34.8868    27.8424    5.15299 -9.990e-29     2.6902   3.247268    34.8799    27.8369     -0.944    34.8872    34.8802    27.8427    27.8371     2.4655     2.4655    7.50998     3.6597     36.597 0.0000e+00
   2812.000     2.6931   3.248123    34.8874    27.8427    5.15792 -9.990e-29     2.6945   3.247650    34.8804    27.8369     -0.850    34.8878    34.8808    27.8430    27.8372     2.4684     2.4697    7.50942     3.6597     36.597 0.0000e+00
   2811.000     2.7019   3.248855    34.8874    27.8419    5.16635 1.0630e-02     2.7019   3.248326    34.8810    27.8368     -0.486    34.8878    34.8815    27.8423    27.8372     2.4770     2.4771    7.50777     3.6597     36.597 0.0000e+00
   2810.000     2.7029   3.248991    34.8884    27.8426    5.16721 1.0630e-02     2.7025   3.248336    34.8810    27.8367     -0.647    34.8888    34.8814    27.8430    27.8371     2.4782     2.4778    7.50752     3.6597     36.597 0.0000e+00
   2809.000     2.7038   3.249030    34.8884    27.8425    5.17676 1.0630e-02     2.7040   3.248447    34.8812    27.8368     -0.979    34.8888    34.8817    27.8429    27.8371     2.4791     2.4793    7.50735     3.6597     36.597 0.0000e+00
   2808.000     2.7056   3.249189    34.8888    27.8427    5.16616 1.0630e-02     2.7052   3.248538    34.8814    27.8369     -1.178    34.8893    34.8819    27.8431    27.8372     2.4810     2.4806    7.50699     3.6597     36.597 0.0000e+00
   2807.000     2.7088   3.249425    34.8887    27.8423    5.16024 1.0630e-02     2.7075   3.248726    34.8816    27.8368     -1.216    34.8892    34.8821    27.8427    27.8372     2.4842     2.4830    7.50639     3.6597     36.597 0.0000e+00
   2806.000     2.7119   3.249685    34.8889    27.8423    5.16916 1.0630e-02     2.7109   3.248984    34.8816    27.8365     -1.144    34.8895    34.8821    27.8427    27.8369     2.4873     2.4864    7.50579     3.6597     36.597 0.0000e+00
   2805.000     2.7149   3.249931    34.8891    27.8422    5.16260 1.0630e-02     2.7145   3.249300    34.8820    27.8365     -1.024    34.8897    34.8826    27.8426    27.8369     2.4904     2.4900    7.50520     3.6597     36.597 0.0000e+00
   2804.000     2.7214   3.250447    34.8889    27.8414    5.16936 1.0630e-02     2.7194   3.249718    34.8823    27.8363     -0.732    34.8895    34.8829    27.8419    27.8368     2.4968     2.4949    7.50399     3.6597     36.597 0.0000e+00
   2803.000     2.7234   3.250617    34.8894    27.8416    5.15803 1.0630e-02     2.7223   3.249943    34.8824    27.8362     -0.529    34.8899    34.8830    27.8421    27.8366     2.4989     2.4978    7.50360     3.6597     36.597 0.0000e+00
   2802.000     2.7238   3.250642    34.8897    27.8418    5.16666 -9.990e-29     2.7220   3.249897    34.8826    27.8363     -0.782    34.8901    34.8832    27.8422    27.8368     2.4995     2.4977    7.50349     3.6597     36.597 0.0000e+00
   2801.000     2.7242   3.250649    34.8899    27.8420    5.17275 -9.990e-29     2.7230   3.249948    34.8827    27.8363     -1.026    34.8903    34.8831    27.8423    27.8366     2.4999     2.4988    7.50342     3.6597     36.597 0.0000e+00
   2800.000     2.7252   3.250719    34.8901    27.8421    5.16822 -9.990e-29     2.7233   3.249943    34.8829    27.8364     -1.093    34.8905    34.8833    27.8424    27.8368     2.5010     2.4991    7.50322     3.6597     36.597 0.0000e+00
   2799.000     2.7276   3.250903    34.8904    27.8420    5.16852 1.0630e-02     2.7258   3.250137    34.8830    27.8362     -0.931    34.8908    34.8833    27.8424    27.8365     2.5033     2.5070    7.50277     3.6597     36.597 0.0000e+00
   2798.000     2.7286   3.250931    34.8901    27.8417    5.16131 1.0630e-02     2.7286   3.250341    34.8829    27.8360     -0.812    34.8905    34.8833    27.8420    27.8363     2.5045     2.5045    7.50259     3.6597     36.597 0.0000e+00
   2797.000     2.7311   3.251166    34.8907    27.8419    5.17213 1.0630e-02     2.7303   3.250502    34.8836    27.8364     -0.874    34.8911    34.8840    27.8423    27.8367     2.5070     2.5063    7.50208     3.6597     36.597 0.0000e+00
   2796.000     2.7332   3.251341    34.8910    27.8420    5.17451 1.0630e-02     2.7327   3.250706    34.8839    27.8364     -0.801    34.8914    34.8843    27.8423    27.8367     2.5092     2.5088    7.50166     3.6597     36.597 0.0000e+00
   2795.000     2.7344   3.251404    34.8910    27.8419    5.17008 1.0630e-02     2.7344   3.250814    34.8839    27.8362     -0.703    34.8914    34.8842    27.8422    27.8365     2.5105     2.5105    7.50145     3.6597     36.597 0.0000e+00
   2794.000     2.7361   3.251541    34.8912    27.8419    5.16911 1.0630e-02     2.7360   3.250958    34.8844    27.8365     -0.866    34.8916    34.8848    27.8422    27.8368     2.5123     2.5122    7.50110     3.6597     36.597 0.0000e+00
   2793.000     2.7378   3.251715    34.8920    27.8424    5.17922 1.0630e-02     2.7401   3.251306    34.8846    27.8363     -1.037    34.8924    34.8850    27.8427    27.8366     2.5140     2.5163    7.50075     3.6597     36.597 0.0000e+00
   2792.000     2.7429   3.252159    34.8923    27.8422    5.17765 1.0630e-02     2.7452   3.251759    34.8850    27.8362     -1.105    34.8927    34.8855    27.8426    27.8366     2.5191     2.5214    7.49976     3.6597     36.597 0.0000e+00
   2791.000     2.7478   3.252561    34.8923    27.8418    5.17599 1.0630e-02     2.7485   3.252065    34.8857    27.8364     -1.088    34.8929    34.8862    27.8422    27.8369     2.5240     2.5247    7.49884     3.6597     36.597 0.0000e+00
   2790.000     2.7506   3.252800    34.8926    27.8418    5.18586 1.0630e-02     2.7514   3.252311    34.8859    27.8363     -1.042    34.8932    34.8865    27.8423    27.8368     2.5269     2.5277    7.49829     3.6597     36.597 0.0000e+00
   2789.000     2.7586   3.253516    34.8931    27.8415    5.18501 1.0630e-02     2.7585   3.252954    34.8865    27.8362     -0.839    34.8939    34.8872    27.8421    27.8368     2.5348     2.5347    7.49675     3.6597     36.597 0.0000e+00
   2788.000     2.7683   3.254387    34.8936    27.8413    5.19877 1.0630e-02     2.7717   3.254182    34.8876    27.8360     -0.479    34.8944    34.8884    27.8417    27.8367     2.5444     2.5477    7.49488     3.6597     36.597 0.0000e+00
   2787.000     2.7710   3.254663    34.8946    27.8416    5.19657 1.0630e-02     2.7715   3.254133    34.8877    27.8361     -0.737    34.8954    34.8885    27.8422    27.8367     2.5471     2.5477    7.49433     3.6597     36.597 0.0000e+00
   2786.000     2.7735   3.254873    34.8950    27.8417    5.19041 1.0630e-02     2.7750   3.254476    34.8885    27.8364     -1.045    34.8957    34.8893    27.8423    27.8370     2.5497     2.5512    7.49385     3.6597     36.597 0.0000e+00
   2785.000     2.7778   3.255295    34.8959    27.8421    5.20507 1.0630e-02     2.7763   3.254563    34.8887    27.8364     -1.174    34.8967    34.8895    27.8427    27.8370     2.5540     2.5526    7.49298     3.6597     36.597 0.0000e+00
   2784.000     2.7831   3.255751    34.8961    27.8418    5.19384 1.0630e-02     2.7807   3.254953    34.8891    27.8364     -0.973    34.8969    34.8899    27.8424    27.8370     2.5593     2.5570    7.49196     3.6597     36.597 0.0000e+00
   2783.000     2.7914   3.256389    34.8954    27.8405    5.20203 1.0630e-02     2.7920   3.255950    34.8894    27.8356     -0.639    34.8963    34.8904    27.8412    27.8365     2.5675     2.5681    7.49044     3.6597     36.597 0.0000e+00
   2782.000     2.7916   3.256476    34.8968    27.8416    5.20686 1.0630e-02     2.7948   3.256150    34.8896    27.8355     -0.749    34.8976    34.8903    27.8422    27.8361     2.5678     2.5710    7.49034     3.6597     36.597 0.0000e+00
   2781.000     2.7963   3.256841    34.8967    27.8411    5.20918 1.0630e-02     2.7988   3.256528    34.8902    27.8357     -0.958    34.8975    34.8910    27.8417    27.8364     2.5725     2.5750    7.48946     3.6597     36.597 0.0000e+00
   2780.000     2.8002   3.257222    34.8975    27.8414    5.19975 -9.990e-29     2.8008   3.256686    34.8905    27.8357     -1.058    34.8984    34.8913    27.8421    27.8364     2.5764     2.5771    7.48868     3.6597     36.597 0.0000e+00
   2779.000     2.8048   3.257626    34.8981    27.8415    5.19687 -9.990e-29     2.8029   3.256857    34.8910    27.8359     -0.855    34.8988    34.8916    27.8420    27.8364     2.5810     2.5792    7.48779     3.6604     36.604 0.0000e+00
   2778.000     2.8066   3.257740    34.8987    27.8418    5.20501 -9.990e-29     2.8041   3.256904    34.8913    27.8361     -0.566    34.8987    34.8913    27.8418    27.8361     2.5829     2.5805    7.48746     3.6626     36.626 0.0000e+00
   2777.000     2.8071   3.257749    34.8987    27.8417    5.21588 1.0630e-02     2.8050   3.256947    34.8914    27.8361     -0.598    34.8987    34.8914    27.8418    27.8361     2.5835     2.5814    7.48736     3.6626     36.626 0.0000e+00
   2776.000     2.8087   3.257869    34.8989    27.8417    5.20572 1.0630e-02     2.8070   3.257113    34.8916    27.8361     -0.463    34.8989    34.8917    27.8418    27.8361     2.5852     2.5835    7.48705     3.6626     36.626 0.0000e+00
   2775.000     2.8095   3.257919    34.8990    27.8418    5.20459 1.0630e-02     2.8083   3.257203    34.8917    27.8360     -0.440    34.8991    34.8918    27.8418    27.8361     2.5861     2.5850    7.48688     3.6626     36.626 0.0000e+00
   2774.000     2.8105   3.257969    34.8990    27.8417    5.22198 1.0630e-02     2.8079   3.257128    34.8917    27.8360     -0.675    34.8991    34.8918    27.8418    27.8361     2.5872     2.5846    7.48669     3.6626     36.626 0.0000e+00
   2773.000     2.8124   3.258097    34.8990    27.8415    5.21542 1.0630e-02     2.8092   3.257209    34.8918    27.8360     -0.877    34.8991    34.8919    27.8416    27.8361     2.5891     2.5860    7.48634     3.6626     36.626 0.0000e+00
   2772.000     2.8141   3.258226    34.8992    27.8415    5.21164 1.0630e-02     2.8118   3.257426    34.8920    27.8359     -1.029    34.8993    34.8922    27.8416    27.8361     2.5909     2.5886    7.48601     3.6626     36.626 0.0000e+00
   2771.000     2.8209   3.258808    34.8993    27.8409    5.20512 1.0630e-02     2.8180   3.257958    34.8921    27.8355     -1.062    34.8996    34.8925    27.8412    27.8358     2.5976     2.5948    7.48472     3.6626     36.626 0.0000e+00
   2770.000     2.8242   3.259078    34.8994    27.8408    5.21013 1.0630e-02     2.8219   3.258289    34.8924    27.8354     -0.945    34.8998    34.8928    27.8411    27.8357     2.6009     2.5987    7.48409     3.6626     36.626 0.0000e+00
