Data/ctd/proc_sb/sam03_ctd_9.cnv
* Sea-Bird SBE 9 Data File:
* FileName = D:\samoc03\ctddata\009bis.hex
* Software Version Seasave V 7.20d
* Temperature SN = 2951
* Conductivity SN = 2657
* Number of Bytes Per Scan = 31
* Number of Voltage Words = 2
* Number of Scans Averaged by the Deck Unit = 1
* NMEA Latitude = 34 31.50 S
* NMEA Longitude = 044 25.88 W
* NMEA UTC (Time) = Jul 11 2010  20:07:08
** Ship: Puerto Deseado
** Station: 009bis
** Operator: AnaP
** Segundo casting luego de 009, despues de haberlo sacado a cubierta para verificar el estado del CTD
# nquan = 22
# nvalues = 9685                        
# units = specified
# name 0 = prDM: Pressure, Digiquartz [db]
# name 1 = t090C: Temperature [ITS-90, deg C]
# name 2 = c0S/m: Conductivity [S/m]
# name 3 = sal00: Salinity, Practical [PSU]
# name 4 = sigma-é00: Density [sigma-theta, Kg/m^3]
# name 5 = sbeox0ML/L: Oxygen, SBE 43 [ml/l]
# name 6 = flSP: Fluorescence, Seapoint
# name 7 = t190C: Temperature, 2 [ITS-90, deg C]
# name 8 = c1S/m: Conductivity, 2 [S/m]
# name 9 = sal11: Salinity, Practical, 2 [PSU]
# name 10 = sigma-é11: Density, 2 [sigma-theta, Kg/m^3]
# name 11 = dz/dtM: Descent Rate [m/s]
# name 12 = sal00: Salinity, Practical [PSU]
# name 13 = sal11: Salinity, Practical, 2 [PSU]
# name 14 = sigma-é00: Density [sigma-theta, Kg/m^3]
# name 15 = sigma-é11: Density, 2 [sigma-theta, Kg/m^3]
# name 16 = potemp090C: Potential Temperature [ITS-90, deg C]
# name 17 = potemp190C: Potential Temperature, 2 [ITS-90, deg C]
# name 18 = oxsatML/L: Oxygen Saturation, Weiss [ml/l]
# name 19 = dm: Dynamic Meters [10 J/Kg]
# name 20 = gpa: Geopotential Anomaly [J/Kg]
# name 21 = flag: flag
# span 0 =      1.000,   4844.000       
# span 1 =     0.2187,    16.3781       
# span 2 =   3.073260,   4.498609       
# span 3 =    34.1717,    35.5873       
# span 4 =    26.0138,    27.8483       
# span 5 =    3.90560,    5.69607       
# span 6 = -1.853e-03, 1.0455e+00       
# span 7 =     0.2166,    16.3802       
# span 8 =   3.072525,   4.497486       
# span 9 =    34.1648,    35.5754       
# span 10 =    26.0140,    27.8425      
# span 11 =     -2.451,      1.549      
# span 12 =    34.1716,    35.5877      
# span 13 =    34.1647,    35.5759      
# span 14 =    26.0138,    27.8483      
# span 15 =    26.0141,    27.8424      
# span 16 =    -0.1360,    16.3625      
# span 17 =    -0.1380,    16.3646      
# span 18 =    5.51444,    8.01652      
# span 19 =    -0.0025,     3.2111      
# span 20 =     -0.025,     32.111      
# span 21 = 0.0000e+00, 0.0000e+00      
# interval = decibars: 1                
# start_time = Jul 11 2010 20:07:08
# bad_flag = -9.990e-29
*END*
[from data line 2766]
   2769.000     2.3353   3.210889    34.8381    27.8322    4.86521 -9.990e-29     2.3326   3.210025    34.8306    27.8263      0.737    34.8377    34.8301    27.8318    27.8259     2.1223     2.1197    7.58023     2.2026     22.026 0.0000e+00
   2770.000     2.3317   3.210585    34.8379    27.8323    4.86209 -9.990e-29     2.3285   3.209706    34.8306    27.8267      0.949    34.8374    34.8301    27.8319    27.8263     2.1187     2.1156    7.58094     2.2031     22.031 0.0000e+00
   2771.000     2.3296   3.210413    34.8376    27.8322    4.86938 -9.990e-29     2.3265   3.209541    34.8304    27.8266      1.068    34.8371    34.8299    27.8318    27.8263     2.1165     2.1135    7.58136     2.2035     22.035 0.0000e+00
   2772.000     2.3281   3.210301    34.8373    27.8321    4.85487 1.0630e-02     2.3251   3.209454    34.8302    27.8266      0.909    34.8368    34.8298    27.8317    27.8263     2.1150     2.1121    7.58166     2.2039     22.039 0.0000e+00
   2773.000     2.3265   3.210184    34.8371    27.8321    4.85661 1.0630e-02     2.3237   3.209342    34.8299    27.8265      0.738    34.8367    34.8294    27.8317    27.8261     2.1133     2.1106    7.58197     2.2043     22.043 0.0000e+00
   2774.000     2.3199   3.209541    34.8360    27.8318    4.84604 1.0630e-02     2.3178   3.208728    34.8284    27.8258      0.926    34.8354    34.8278    27.8313    27.8253     2.1067     2.1047    7.58331     2.2048     22.048 0.0000e+00
   2775.000     2.3072   3.208291    34.8343    27.8313    4.84677 1.0630e-02     2.3058   3.207510    34.8263    27.8251      1.181    34.8333    34.8254    27.8306    27.8243     2.0942     2.0929    7.58587     2.2052     22.052 0.0000e+00
   2776.000     2.3013   3.207725    34.8333    27.8311    4.84156 1.0630e-02     2.2990   3.206914    34.8259    27.8253      1.356    34.8323    34.8248    27.8303    27.8245     2.0883     2.0861    7.58706     2.2056     22.056 0.0000e+00
   2777.000     2.2991   3.207567    34.8332    27.8312    4.83504 1.0630e-02     2.2962   3.206714    34.8259    27.8255      1.343    34.8322    34.8249    27.8304    27.8248     2.0861     2.0833    7.58748     2.2060     22.060 0.0000e+00
   2778.000     2.3006   3.207748    34.8331    27.8309    4.83080 -9.990e-29     2.2970   3.206851    34.8260    27.8255      0.646    34.8323    34.8253    27.8304    27.8250     2.0875     2.0840    7.58718     2.2064     22.064 0.0000e+00
   2779.000     2.3038   3.208190    34.8343    27.8317    4.84081 -9.990e-29     2.3005   3.207325    34.8275    27.8264      0.517    34.8339    34.8270    27.8313    27.8261     2.0905     2.0943    7.58649     2.2069     22.069 0.0000e+00
   2780.000     2.3061   3.208479    34.8348    27.8319    4.84077 1.0630e-02     2.3031   3.207624    34.8276    27.8264      0.979    34.8345    34.8273    27.8317    27.8261     2.0926     2.0897    7.58602     2.2073     22.073 0.0000e+00
   2781.000     2.3064   3.208571    34.8350    27.8321    4.83928 1.0630e-02     2.3035   3.207722    34.8279    27.8266      1.212    34.8347    34.8276    27.8319    27.8264     2.0929     2.0900    7.58594     2.2077     22.077 0.0000e+00
   2782.000     2.3065   3.208620    34.8350    27.8321    4.84161 1.0630e-02     2.3037   3.207781    34.8279    27.8266      1.305    34.8348    34.8276    27.8319    27.8264     2.0929     2.0901    7.58592     2.2081     22.081 0.0000e+00
   2783.000     2.3069   3.208733    34.8355    27.8324    4.84574 1.0630e-02     2.3039   3.207878    34.8283    27.8269      1.315    34.8353    34.8281    27.8323    27.8267     2.0932     2.0903    7.58582     2.2086     22.086 0.0000e+00
   2784.000     2.3055   3.208644    34.8355    27.8326    4.85239 1.0630e-02     2.3027   3.207783    34.8281    27.8269      1.295    34.8353    34.8278    27.8324    27.8266     2.0917     2.0889    7.58609     2.2090     22.090 0.0000e+00
   2785.000     2.3016   3.208318    34.8353    27.8327    4.85839 1.0630e-02     2.2990   3.207473    34.8278    27.8270      1.272    34.8350    34.8275    27.8324    27.8267     2.0877     2.0852    7.58686     2.2094     22.094 0.0000e+00
   2786.000     2.2995   3.208153    34.8350    27.8327    4.85658 -9.990e-29     2.2968   3.207305    34.8277    27.8270      1.181    34.8347    34.8274    27.8324    27.8267     2.0857     2.0830    7.58727     2.2098     22.098 0.0000e+00
   2787.000     2.2996   3.208190    34.8349    27.8325    4.85570 -9.990e-29     2.2967   3.207326    34.8276    27.8269      0.379    34.8346    34.8273    27.8323    27.8267     2.0856     2.0827    7.58726     2.2102     22.102 0.0000e+00
   2788.000     2.2952   3.207805    34.8346    27.8326    4.84808 -9.990e-29     2.2925   3.206959    34.8272    27.8269      0.575    34.8342    34.8268    27.8323    27.8267     2.0812     2.0786    7.58813     2.2107     22.107 0.0000e+00
   2789.000     2.2913   3.207499    34.8346    27.8330    4.83612 -9.990e-29     2.2887   3.206645    34.8270    27.8271      1.086    34.8341    34.8266    27.8326    27.8268     2.0773     2.0747    7.58888     2.2111     22.111 0.0000e+00
   2790.000     2.2893   3.207331    34.8342    27.8328    4.84148 -9.990e-29     2.2866   3.206483    34.8269    27.8271      1.363    34.8338    34.8264    27.8325    27.8268     2.0752     2.0726    7.58929     2.2115     22.115 0.0000e+00
   2791.000     2.2875   3.207205    34.8342    27.8329    4.85036 -9.990e-29     2.2848   3.206352    34.8267    27.8272      1.470    34.8337    34.8262    27.8326    27.8268     2.0734     2.0707    7.58964     2.2119     22.119 0.0000e+00
   2792.000     2.2830   3.206769    34.8333    27.8326    4.85213 -9.990e-29     2.2804   3.205918    34.8257    27.8267      1.451    34.8327    34.8252    27.8322    27.8263     2.0689     2.0663    7.59055     2.2123     22.123 0.0000e+00
   2793.000     2.2730   3.205845    34.8325    27.8328    4.85442 1.0630e-02     2.2705   3.204993    34.8250    27.8268      1.366    34.8317    34.8240    27.8321    27.8261     2.0590     2.0566    7.59253     2.2128     22.128 0.0000e+00
   2794.000     2.2737   3.205997    34.8330    27.8331    4.84902 1.0630e-02     2.2706   3.205131    34.8258    27.8276      1.265    34.8323    34.8251    27.8326    27.8270     2.0596     2.0566    7.59237     2.2132     22.132 0.0000e+00
   2795.000     2.2692   3.205595    34.8325    27.8331    4.83191 1.0630e-02     2.2665   3.204746    34.8250    27.8273      1.113    34.8318    34.8243    27.8325    27.8267     2.0550     2.0525    7.59327     2.2136     22.136 0.0000e+00
   2796.000     2.2673   3.205444    34.8322    27.8330    4.84859 1.0630e-02     2.2643   3.204589    34.8249    27.8274      0.625    34.8315    34.8243    27.8325    27.8269     2.0531     2.0502    7.59365     2.2140     22.140 0.0000e+00
   2797.000     2.2661   3.205403    34.8323    27.8332    4.83405 1.0630e-02     2.2632   3.204536    34.8249    27.8275      0.432    34.8318    34.8244    27.8328    27.8271     2.0518     2.0490    7.59386     2.2144     22.144 0.0000e+00
   2798.000     2.2659   3.205430    34.8323    27.8332    4.83068 1.0630e-02     2.2631   3.204588    34.8251    27.8277      0.841    34.8318    34.8246    27.8329    27.8273     2.0516     2.0488    7.59389     2.2148     22.148 0.0000e+00
   2799.000     2.2646   3.205323    34.8319    27.8331    4.84385 1.0630e-02     2.2618   3.204485    34.8248    27.8275      1.156    34.8315    34.8243    27.8327    27.8271     2.0502     2.0474    7.59417     2.2153     22.153 0.0000e+00
   2800.000     2.2609   3.205023    34.8318    27.8332    4.84862 1.0630e-02     2.2581   3.204261    34.8243    27.8275      1.374    34.8313    34.8241    27.8328    27.8272     2.0465     2.1494    7.59488     2.2157     22.157 0.0000e+00
   2801.000     2.2593   3.204887    34.8315    27.8331    4.84963 1.0630e-02     2.2566   3.204045    34.8242    27.8275      1.489    34.8310    34.8236    27.8327    27.8270     2.0447     2.0426    7.59523     2.2161     22.161 0.0000e+00
   2802.000     2.2579   3.204791    34.8313    27.8331    4.84245 1.0630e-02     2.2551   3.203956    34.8241    27.8276      1.469    34.8308    34.8236    27.8327    27.8271     2.0433     2.0406    7.59550     2.2165     22.165 0.0000e+00
   2803.000     2.2568   3.204710    34.8310    27.8330    4.82753 1.0630e-02     2.2540   3.203862    34.8237    27.8273      1.210    34.8305    34.8232    27.8326    27.8269     2.0421     2.0394    7.59573     2.2169     22.169 0.0000e+00
   2804.000     2.2530   3.204374    34.8305    27.8329    4.84156 1.0630e-02     2.2502   3.203518    34.8232    27.8272      0.772    34.8300    34.8226    27.8325    27.8267     2.0383     2.0356    7.59648     2.2174     22.174 0.0000e+00
   2805.000     2.2498   3.204115    34.8303    27.8330    4.82760 1.0630e-02     2.2474   3.203302    34.8230    27.8273      0.792    34.8298    34.8225    27.8325    27.8269     2.0351     2.0328    7.59711     2.2178     22.178 0.0000e+00
   2806.000     2.2449   3.203644    34.8295    27.8327    4.82699 -9.990e-29     2.2425   3.202834    34.8222    27.8270      0.958    34.8289    34.8215    27.8322    27.8265     2.0301     2.0279    7.59811     2.2182     22.182 0.0000e+00
   2807.000     2.2383   3.203060    34.8290    27.8328    4.82837 -9.990e-29     2.2356   3.202211    34.8216    27.8271      0.885    34.8283    34.8209    27.8323    27.8265     2.0236     2.0210    7.59941     2.2186     22.186 0.0000e+00
   2808.000     2.2357   3.202845    34.8287    27.8328    4.82025 1.0630e-02     2.2329   3.202000    34.8214    27.8272      0.707    34.8281    34.8208    27.8323    27.8266     2.0209     2.0183    7.59994     2.2190     22.190 0.0000e+00
   2809.000     2.2350   3.202819    34.8287    27.8328    4.83676 1.0630e-02     2.2322   3.201991    34.8215    27.8273      0.883    34.8280    34.8209    27.8323    27.8268     2.0202     2.0175    7.60007     2.2195     22.195 0.0000e+00
   2810.000     2.2344   3.202804    34.8286    27.8328    4.83514 1.0630e-02     2.2316   3.201957    34.8212    27.8271      1.126    34.8280    34.8207    27.8324    27.8267     2.0195     2.0168    7.60019     2.2199     22.199 0.0000e+00
   2811.000     2.2340   3.202811    34.8285    27.8328    4.82537 1.0630e-02     2.2311   3.201966    34.8213    27.8273      1.255    34.8280    34.8208    27.8324    27.8269     2.0191     2.0162    7.60025     2.2203     22.203 0.0000e+00
   2812.000     2.2334   3.202775    34.8283    27.8326    4.82242 1.0630e-02     2.2304   3.201914    34.8210    27.8271      1.176    34.8278    34.8205    27.8323    27.8267     2.0183     2.0154    7.60039     2.2207     22.207 0.0000e+00
   2813.000     2.2330   3.202780    34.8282    27.8326    4.82022 1.0630e-02     2.2300   3.201922    34.8210    27.8271      0.882    34.8278    34.8206    27.8323    27.8268     2.0178     2.0150    7.60047     2.2211     22.211 0.0000e+00
   2814.000     2.2322   3.202751    34.8281    27.8326    4.82450 1.0630e-02     2.2293   3.201886    34.8208    27.8270      0.774    34.8278    34.8204    27.8324    27.8267     2.0170     2.0141    7.60061     2.2215     22.215 0.0000e+00
   2815.000     2.2278   3.202348    34.8276    27.8326    4.81742 1.0630e-02     2.2246   3.201450    34.8200    27.8267      0.889    34.8272    34.8196    27.8323    27.8264     2.0125     2.0095    7.60150     2.2220     22.220 0.0000e+00
   2816.000     2.2197   3.201610    34.8270    27.8327    4.82189 1.0630e-02     2.2170   3.200763    34.8196    27.8270      0.843    34.8264    34.8190    27.8322    27.8265     2.0045     2.0019    7.60311     2.2224     22.224 0.0000e+00
   2817.000     2.2168   3.201385    34.8268    27.8328    4.81488 -9.990e-29     2.2141   3.200539    34.8194    27.8271      0.784    34.8262    34.8189    27.8324    27.8266     2.0016     1.9990    7.60368     2.2228     22.228 0.0000e+00
   2818.000     2.2155   3.201308    34.8268    27.8329    4.81715 -9.990e-29     2.2127   3.200461    34.8195    27.8273      0.909    34.8262    34.8189    27.8325    27.8268     2.0002     1.9975    7.60393     2.2232     22.232 0.0000e+00
   2819.000     2.2136   3.201170    34.8267    27.8330    4.82232 -9.990e-29     2.2108   3.200313    34.8193    27.8272      0.981    34.8261    34.8187    27.8326    27.8268     1.9983     1.9955    7.60431     2.2236     22.236 0.0000e+00
   2820.000     2.2121   3.201081    34.8266    27.8331    4.82426 -9.990e-29     2.2096   3.200250    34.8193    27.8273      0.911    34.8261    34.8187    27.8327    27.8270     1.9967     1.9943    7.60458     2.2240     22.240 0.0000e+00
   2821.000     2.2114   3.201053    34.8265    27.8330    4.80857 -9.990e-29     2.2085   3.200206    34.8193    27.8275      0.870    34.8260    34.8189    27.8326    27.8271     1.9960     1.9931    7.60472     2.2245     22.245 0.0000e+00
   2822.000     2.2114   3.201094    34.8264    27.8330    4.81734 -9.990e-29     2.2087   3.200258    34.8192    27.8274      0.951    34.8261    34.8189    27.8327    27.8271     1.9959     1.9932    7.60472     2.2249     22.249 0.0000e+00
   2823.000     2.2110   3.201095    34.8264    27.8330    4.81759 -9.990e-29     2.2085   3.200281    34.8192    27.8274      1.080    34.8261    34.8189    27.8327    27.8272     1.9954     1.9929    7.60480     2.2253     22.253 0.0000e+00
   2824.000     2.2102   3.201056    34.8264    27.8330    4.80808 -9.990e-29     2.2077   3.200234    34.8191    27.8274      1.221    34.8260    34.8187    27.8328    27.8271     1.9945     1.9920    7.60496     2.2257     22.257 0.0000e+00
   2825.000     2.2102   3.201107    34.8265    27.8331    4.80412 -9.990e-29     2.2074   3.200257    34.8192    27.8275      1.351    34.8262    34.8189    27.8329    27.8273     1.9944     1.9916    7.60495     2.2261     22.261 0.0000e+00
   2826.000     2.2097   3.201084    34.8263    27.8330    4.81328 -9.990e-29     2.2062   3.200172    34.8189    27.8274      1.445    34.8260    34.8187    27.8328    27.8272     1.9938     1.9904    7.60507     2.2265     22.265 0.0000e+00
   2827.000     2.2059   3.200752    34.8259    27.8330    4.82407 -9.990e-29     2.2033   3.199916    34.8185    27.8273      1.464    34.8255    34.8181    27.8327    27.8270     1.9900     1.9875    7.60582     2.2270     22.270 0.0000e+00
   2828.000     2.2046   3.200670    34.8259    27.8331    4.82360 -9.990e-29     2.2020   3.199838    34.8185    27.8274      1.395    34.8254    34.8181    27.8328    27.8271     1.9886     1.9861    7.60607     2.2274     22.274 0.0000e+00
   2829.000     2.2044   3.200695    34.8258    27.8331    4.81877 -9.990e-29     2.2015   3.199856    34.8187    27.8276      1.294    34.8255    34.8184    27.8328    27.8273     1.9883     1.9855    7.60611     2.2278     22.278 0.0000e+00
   2830.000     2.2040   3.200695    34.8258    27.8331    4.82240 -9.990e-29     2.2011   3.199848    34.8185    27.8275      1.222    34.8254    34.8182    27.8328    27.8272     1.9878     1.9851    7.60619     2.2282     22.282 0.0000e+00
   2831.000     2.2033   3.200672    34.8258    27.8332    4.81935 -9.990e-29     2.2004   3.199821    34.8185    27.8275      1.144    34.8255    34.8182    27.8329    27.8273     1.9870     1.9843    7.60633     2.2286     22.286 0.0000e+00
   2832.000     2.2021   3.200592    34.8256    27.8331    4.80874 -9.990e-29     2.1993   3.199744    34.8183    27.8275      0.967    34.8253    34.8180    27.8329    27.8272     1.9858     1.9830    7.60656     2.2290     22.290 0.0000e+00
   2833.000     2.2003   3.200470    34.8255    27.8332    4.81785 -9.990e-29     2.1975   3.199620    34.8182    27.8276      0.831    34.8253    34.8179    27.8330    27.8273     1.9839     1.9812    7.60691     2.2294     22.294 0.0000e+00
