Data/ctd/proc_sb/sam03_ctd_9.cnv
* Sea-Bird SBE 9 Data File:
* FileName = D:\samoc03\ctddata\009bis.hex
* Software Version Seasave V 7.20d
* Temperature SN = 2951
* Conductivity SN = 2657
* Number of Bytes Per Scan = 31
* Number of Voltage Words = 2
* Number of Scans Averaged by the Deck Unit = 1
* NMEA Latitude = 34 31.50 S
* NMEA Longitude = 044 25.88 W
* NMEA UTC (Time) = Jul 11 2010  20:07:08
** Ship: Puerto Deseado
** Station: 009bis
** Operator: AnaP
** Segundo casting luego de 009, despues de haberlo sacado a cubierta para verificar el estado del CTD
# nquan = 22
# nvalues = 9685                        
# units = specified
# name 0 = prDM: Pressure, Digiquartz [db]
# name 1 = t090C: Temperature [ITS-90, deg C]
# name 2 = c0S/m: Conductivity [S/m]
# name 3 = sal00: Salinity, Practical [PSU]
# name 4 = sigma-é00: Density [sigma-theta, Kg/m^3]
# name 5 = sbeox0ML/L: Oxygen, SBE 43 [ml/l]
# name 6 = flSP: Fluorescence, Seapoint
# name 7 = t190C: Temperature, 2 [ITS-90, deg C]
# name 8 = c1S/m: Conductivity, 2 [S/m]
# name 9 = sal11: Salinity, Practical, 2 [PSU]
# name 10 = sigma-é11: Density, 2 [sigma-theta, Kg/m^3]
# name 11 = dz/dtM: Descent Rate [m/s]
# name 12 = sal00: Salinity, Practical [PSU]
# name 13 = sal11: Salinity, Practical, 2 [PSU]
# name 14 = sigma-é00: Density [sigma-theta, Kg/m^3]
# name 15 = sigma-é11: Density, 2 [sigma-theta, Kg/m^3]
# name 16 = potemp090C: Potential Temperature [ITS-90, deg C]
# name 17 = potemp190C: Potential Temperature, 2 [ITS-90, deg C]
# name 18 = oxsatML/L: Oxygen Saturation, Weiss [ml/l]
# name 19 = dm: Dynamic Meters [10 J/Kg]
# name 20 = gpa: Geopotential Anomaly [J/Kg]
# name 21 = flag: flag
# span 0 =      1.000,   4844.000       
# span 1 =     0.2187,    16.3781       
# span 2 =   3.073260,   4.498609       
# span 3 =    34.1717,    35.5873       
# span 4 =    26.0138,    27.8483       
# span 5 =    3.90560,    5.69607       
# span 6 = -1.853e-03, 1.0455e+00       
# span 7 =     0.2166,    16.3802       
# span 8 =   3.072525,   4.497486       
# span 9 =    34.1648,    35.5754       
# span 10 =    26.0140,    27.8425      
# span 11 =     -2.451,      1.549      
# span 12 =    34.1716,    35.5877      
# span 13 =    34.1647,    35.5759      
# span 14 =    26.0138,    27.8483      
# span 15 =    26.0141,    27.8424      
# span 16 =    -0.1360,    16.3625      
# span 17 =    -0.1380,    16.3646      
# span 18 =    5.51444,    8.01652      
# span 19 =    -0.0025,     3.2111      
# span 20 =     -0.025,     32.111      
# span 21 = 0.0000e+00, 0.0000e+00      
# interval = decibars: 1                
# start_time = Jul 11 2010 20:07:08
# bad_flag = -9.990e-29
*END*
[from data line 8165]
   1520.000     2.8472   3.187540    34.6132    27.5998    3.93718 -9.990e-29     2.8432   3.186502    34.6049    27.5936     -1.128    34.6131    34.6048    27.5997    27.5935     2.7394     2.7354    7.49413     2.9289     29.289 0.0000e+00
   1519.000     2.8467   3.187388    34.6124    27.5992    3.93156 -9.990e-29     2.8430   3.186382    34.6042    27.5930     -1.369    34.6123    34.6041    27.5991    27.5929     2.7390     2.7353    7.49426     2.9289     29.289 0.0000e+00
   1518.000     2.8465   3.187273    34.6117    27.5986    3.93429 -9.990e-29     2.8433   3.186339    34.6038    27.5926     -1.487    34.6116    34.6037    27.5986    27.5925     2.7389     2.7357    7.49433     2.9289     29.289 0.0000e+00
   1517.000     2.8465   3.187207    34.6114    27.5984    3.92837 -9.990e-29     2.8434   3.186316    34.6039    27.5927     -1.430    34.6113    34.6038    27.5983    27.5926     2.7389     2.7359    7.49434     2.9289     29.289 0.0000e+00
   1516.000     2.8467   3.187161    34.6111    27.5982    3.93310 1.0630e-02     2.8432   3.186269    34.6041    27.5928     -0.952    34.6111    34.6040    27.5981    27.5928     2.7392     2.7358    7.49432     2.9289     29.289 0.0000e+00
   1515.000     2.8467   3.187107    34.6109    27.5979    3.93670 1.0630e-02     2.8435   3.186243    34.6039    27.5926     -0.612    34.6109    34.6038    27.5979    27.5926     2.7393     2.7362    7.49433     2.9289     29.289 0.0000e+00
   1514.000     2.8474   3.187106    34.6107    27.5977    3.93629 1.0630e-02     2.8436   3.186139    34.6030    27.5920     -0.928    34.6106    34.6030    27.5977    27.5919     2.7401     2.7363    7.49421     2.9289     29.289 0.0000e+00
   1513.000     2.8457   3.186841    34.6099    27.5972    3.93654 1.0630e-02     2.8407   3.185727    34.6017    27.5911     -1.265    34.6098    34.6016    27.5972    27.5910     2.7384     2.7336    7.49458     2.9289     29.289 0.0000e+00
   1512.000     2.8441   3.186611    34.6093    27.5969    3.93181 1.0630e-02     2.8388   3.185474    34.6011    27.5909     -1.513    34.6091    34.6010    27.5968    27.5907     2.7370     2.7318    7.49490     2.9289     29.289 0.0000e+00
   1511.000     2.8422   3.186307    34.6083    27.5962    3.93120 1.0630e-02     2.8380   3.185318    34.6007    27.5905     -1.656    34.6081    34.6005    27.5961    27.5904     2.7351     2.7310    7.49533     2.9289     29.289 0.0000e+00
   1510.000     2.8415   3.186185    34.6080    27.5960    3.92764 1.0630e-02     2.8376   3.185261    34.6009    27.5907     -1.622    34.6078    34.6007    27.5959    27.5906     2.7346     2.7308    7.49547     2.9289     29.289 0.0000e+00
   1509.000     2.8414   3.186147    34.6081    27.5962    3.93023 1.0630e-02     2.8377   3.185231    34.6009    27.5907     -1.085    34.6080    34.6008    27.5961    27.5906     2.7345     2.7309    7.49548     2.9289     29.289 0.0000e+00
   1508.000     2.8416   3.186131    34.6081    27.5962    3.93025 1.0630e-02     2.8384   3.185281    34.6012    27.5909     -0.526    34.6080    34.6012    27.5960    27.5909     2.7349     2.7317    7.49543     2.9289     29.289 0.0000e+00
   1507.000     2.8410   3.185995    34.6076    27.5958    3.92377 1.0630e-02     2.8378   3.185108    34.6004    27.5903     -0.868    34.6075    34.6002    27.5957    27.5902     2.7344     2.7312    7.49557     2.9289     29.289 0.0000e+00
   1506.000     2.8399   3.185792    34.6069    27.5953    3.92178 -9.990e-29     2.8350   3.184688    34.5988    27.5892     -1.215    34.6067    34.5986    27.5952    27.5891     2.7333     2.7285    7.49582     2.9289     29.289 0.0000e+00
   1505.000     2.8379   3.185500    34.6060    27.5947    3.91985 -9.990e-29     2.8336   3.184484    34.5983    27.5890     -1.412    34.6058    34.5981    27.5946    27.5888     2.7315     2.7272    7.49624     2.9289     29.289 0.0000e+00
   1504.000     2.8369   3.185316    34.6054    27.5944    3.92322 -9.990e-29     2.8329   3.184372    34.5982    27.5889     -1.444    34.6052    34.5980    27.5942    27.5888     2.7305     2.7266    7.49647     2.9289     29.289 0.0000e+00
   1503.000     2.8365   3.185233    34.6053    27.5942    3.92402 -9.990e-29     2.8327   3.184286    34.5979    27.5887     -1.197    34.6050    34.5977    27.5941    27.5886     2.7303     2.7265    7.49654     2.9289     29.289 0.0000e+00
   1502.000     2.8364   3.185169    34.6051    27.5941    3.92496 -9.990e-29     2.8329   3.184245    34.5976    27.5884     -0.875    34.6049    34.5974    27.5940    27.5883     2.7302     2.7268    7.49657     2.9289     29.289 0.0000e+00
   1501.000     2.8371   3.185168    34.6048    27.5939    3.92235 -9.990e-29     2.8338   3.184242    34.5971    27.5880     -0.983    34.6047    34.5970    27.5938    27.5879     2.7309     2.7277    7.49646     2.9289     29.289 0.0000e+00
   1500.000     2.8373   3.185095    34.6042    27.5933    3.91438 -9.990e-29     2.8347   3.184171    34.5958    27.5868     -1.230    34.6040    34.5957    27.5932    27.5868     2.7313     2.7287    7.49644     2.9289     29.289 0.0000e+00
   1499.000     2.8375   3.185023    34.6036    27.5928    3.91739 -9.990e-29     2.8343   3.184149    34.5964    27.5873     -0.939    34.6035    34.5963    27.5928    27.5873     2.7315     2.7284    7.49644     2.9291     29.291 0.0000e+00
   1498.000     2.8477   3.185770    34.6022    27.5908    3.92676 1.0630e-02     2.8456   3.184999    34.5950    27.5853     -0.820    34.6022    34.5951    27.5908    27.5853     2.7417     2.7397    7.49458     2.9326     29.326 0.0000e+00
   1497.000     2.8520   3.186049    34.6015    27.5899    3.92728 1.0630e-02     2.8503   3.185292    34.5941    27.5841     -0.442    34.6015    34.5942    27.5899    27.5842     2.7460     2.7444    7.49380     2.9340     29.340 0.0000e+00
   1496.000     2.8522   3.186016    34.6014    27.5897    3.92666 1.0630e-02     2.8500   3.185215    34.5940    27.5841     -0.552    34.6014    34.5941    27.5898    27.5841     2.7463     2.7441    7.49377     2.9339     29.339 0.0000e+00
   1495.000     2.8524   3.185981    34.6012    27.5896    3.92470 -9.990e-29     2.8495   3.185152    34.5942    27.5843     -1.050    34.6013    34.5943    27.5897    27.5843     2.7466     2.7438    7.49374     2.9339     29.339 0.0000e+00
   1494.000     2.8522   3.185907    34.6011    27.5895    3.92966 -9.990e-29     2.8492   3.185066    34.5941    27.5841     -1.159    34.6011    34.5941    27.5895    27.5842     2.7465     2.7436    7.49378     2.9339     29.339 0.0000e+00
   1493.000     2.8524   3.185850    34.6007    27.5891    3.93351 -9.990e-29     2.8491   3.184998    34.5938    27.5839     -0.747    34.6007    34.5939    27.5892    27.5840     2.7468     2.7436    7.49377     2.9339     29.339 0.0000e+00
   1492.000     2.8525   3.185802    34.6005    27.5890    3.92287 1.0630e-02     2.8491   3.184946    34.5937    27.5839     -0.691    34.6006    34.5937    27.5890    27.5839     2.7469     2.7436    7.49376     2.9339     29.339 0.0000e+00
   1491.000     2.8524   3.185754    34.6005    27.5890    3.93095 1.0630e-02     2.8489   3.184844    34.5932    27.5835     -0.896    34.6006    34.5933    27.5890    27.5835     2.7469     2.7435    7.49378     2.9339     29.339 0.0000e+00
   1490.000     2.8521   3.185662    34.6003    27.5888    3.92549 1.0630e-02     2.8488   3.184776    34.5931    27.5834     -0.792    34.6003    34.5931    27.5889    27.5834     2.7467     2.7434    7.49385     2.9339     29.339 0.0000e+00
   1489.000     2.8520   3.185589    34.5999    27.5886    3.92967 1.0630e-02     2.8490   3.184743    34.5929    27.5832     -0.688    34.6000    34.5930    27.5886    27.5832     2.7467     2.7438    7.49388     2.9339     29.339 0.0000e+00
   1488.000     2.8523   3.185567    34.5998    27.5884    3.92632 -9.990e-29     2.8494   3.184716    34.5926    27.5830     -0.886    34.5999    34.5927    27.5884    27.5830     2.7471     2.7443    7.49382     2.9339     29.339 0.0000e+00
   1487.000     2.8528   3.185546    34.5997    27.5882    3.92517 -9.990e-29     2.8496   3.184664    34.5924    27.5827     -1.079    34.5997    34.5924    27.5883    27.5827     2.7476     2.7445    7.49375     2.9339     29.339 0.0000e+00
   1486.000     2.8523   3.185443    34.5994    27.5880    3.92351 -9.990e-29     2.8479   3.184386    34.5913    27.5820     -1.175    34.5994    34.5913    27.5881    27.5820     2.7473     2.7429    7.49385     2.9339     29.339 0.0000e+00
   1485.000     2.8502   3.185123    34.5985    27.5876    3.92470 -9.990e-29     2.8453   3.184064    34.5907    27.5817     -1.205    34.5985    34.5906    27.5876    27.5817     2.7453     2.7405    7.49428     2.9339     29.339 0.0000e+00
   1484.000     2.8484   3.184879    34.5978    27.5871    3.92353 1.0630e-02     2.8436   3.183808    34.5900    27.5813     -1.143    34.5977    34.5899    27.5871    27.5812     2.7436     2.7388    7.49466     2.9339     29.339 0.0000e+00
   1483.000     2.8479   3.184774    34.5976    27.5870    3.92511 1.0630e-02     2.8441   3.183845    34.5904    27.5816     -0.814    34.5975    34.5903    27.5869    27.5815     2.7432     2.7394    7.49478     2.9339     29.339 0.0000e+00
   1482.000     2.8469   3.184593    34.5970    27.5866    3.92618 1.0630e-02     2.8435   3.183695    34.5897    27.5811     -0.751    34.5969    34.5896    27.5865    27.5810     2.7422     2.7389    7.49500     2.9339     29.339 0.0000e+00
   1481.000     2.8480   3.184594    34.5963    27.5859    3.92817 1.0630e-02     2.8447   3.183723    34.5888    27.5802     -1.033    34.5962    34.5888    27.5859    27.5803     2.7434     2.7402    7.49482     2.9339     29.339 0.0000e+00
   1480.000     2.8506   3.184690    34.5952    27.5848    3.92476 -9.990e-29     2.8483   3.183852    34.5875    27.5789     -1.211    34.5952    34.5875    27.5848    27.5789     2.7460     2.7438    7.49439     2.9339     29.339 0.0000e+00
   1479.000     2.8504   3.184626    34.5951    27.5848    3.92439 -9.990e-29     2.8478   3.183760    34.5873    27.5788     -0.952    34.5951    34.5873    27.5848    27.5788     2.7459     2.7434    7.49443     2.9339     29.339 0.0000e+00
   1478.000     2.8507   3.184565    34.5945    27.5842    3.93254 -9.990e-29     2.8473   3.183678    34.5874    27.5788     -0.562    34.5945    34.5874    27.5842    27.5789     2.7464     2.7430    7.49439     2.9339     29.339 0.0000e+00
   1477.000     2.8511   3.184474    34.5935    27.5834    3.92470 -9.990e-29     2.8477   3.183582    34.5863    27.5779     -0.869    34.5935    34.5863    27.5834    27.5780     2.7469     2.7435    7.49437     2.9339     29.339 0.0000e+00
   1476.000     2.8492   3.184174    34.5924    27.5827    3.91919 -9.990e-29     2.8450   3.183140    34.5844    27.5767     -1.188    34.5924    34.5844    27.5827    27.5766     2.7450     2.7409    7.49479     2.9339     29.339 0.0000e+00
   1475.000     2.8479   3.183969    34.5918    27.5823    3.92035 -9.990e-29     2.8427   3.182838    34.5837    27.5763     -1.369    34.5918    34.5836    27.5823    27.5762     2.7439     2.7387    7.49506     2.9339     29.339 0.0000e+00
   1474.000     2.8468   3.183777    34.5913    27.5819    3.92150 -9.990e-29     2.8422   3.182743    34.5836    27.5762     -1.407    34.5912    34.5835    27.5819    27.5762     2.7428     2.7383    7.49530     2.9339     29.339 0.0000e+00
   1473.000     2.8464   3.183677    34.5910    27.5818    3.92224 -9.990e-29     2.8422   3.182682    34.5834    27.5761     -1.157    34.5909    34.5833    27.5817    27.5760     2.7425     2.7384    7.49539     2.9339     29.339 0.0000e+00
   1472.000     2.8468   3.183717    34.5915    27.5821    3.92504 1.0630e-02     2.8426   3.182732    34.5840    27.5765     -0.314    34.5914    34.5839    27.5821    27.5765     2.7430     2.7389    7.49529     2.9339     29.339 0.0000e+00
   1471.000     2.8470   3.183629    34.5907    27.5814    3.92562 1.0630e-02     2.8432   3.182710    34.5836    27.5761     -0.659    34.5906    34.5836    27.5815    27.5761     2.7433     2.7395    7.49529     2.9339     29.339 0.0000e+00
   1470.000     2.8490   3.183718    34.5901    27.5808    3.92178 1.0630e-02     2.8473   3.182968    34.5828    27.5751     -1.132    34.5901    34.5828    27.5808    27.5752     2.7453     2.7437    7.49493     2.9339     29.339 0.0000e+00
   1469.000     2.8519   3.183866    34.5893    27.5799    3.91874 1.0630e-02     2.8508   3.183194    34.5822    27.5743     -1.496    34.5894    34.5823    27.5800    27.5744     2.7483     2.7472    7.49444     2.9339     29.339 0.0000e+00
   1468.000     2.8546   3.184009    34.5885    27.5791    3.91843 1.0630e-02     2.8516   3.183155    34.5814    27.5736     -1.745    34.5887    34.5815    27.5792    27.5737     2.7510     2.7481    7.49396     2.9339     29.339 0.0000e+00
   1467.000     2.8536   3.183820    34.5879    27.5786    3.92236 -9.990e-29     2.8504   3.182955    34.5808    27.5732     -1.878    34.5880    34.5809    27.5787    27.5733     2.7501     2.7470    7.49418     2.9339     29.339 0.0000e+00
   1466.000     2.8529   3.183734    34.5881    27.5788    3.92302 -9.990e-29     2.8477   3.182617    34.5800    27.5729     -1.803    34.5882    34.5802    27.5789    27.5730     2.7495     2.7444    7.49430     2.9339     29.339 0.0000e+00
   1465.000     2.8487   3.183197    34.5867    27.5781    3.92599 -9.990e-29     2.8463   3.182429    34.5800    27.5730     -1.380    34.5867    34.5800    27.5781    27.5729     2.7454     2.7430    7.49518     2.9339     29.339 0.0000e+00
   1464.000     2.8492   3.183228    34.5870    27.5782    3.92071 -9.990e-29     2.8473   3.182492    34.5801    27.5730     -0.880    34.5870    34.5801    27.5782    27.5729     2.7460     2.7442    7.49505     2.9339     29.339 0.0000e+00
   1463.000     2.8483   3.183078    34.5867    27.5781    3.92156 -9.990e-29     2.8460   3.182294    34.5797    27.5727     -0.904    34.5866    34.5796    27.5780    27.5727     2.7452     2.7429    7.49524     2.9339     29.339 0.0000e+00
   1462.000     2.8460   3.182854    34.5870    27.5785    3.91418 -9.990e-29     2.8436   3.181959    34.5787    27.5722     -1.006    34.5869    34.5786    27.5784    27.5721     2.7430     2.7406    7.49567     2.9339     29.339 0.0000e+00
   1461.000     2.8462   3.182732    34.5858    27.5776    3.92201 -9.990e-29     2.8402   3.181527    34.5775    27.5715     -0.950    34.5857    34.5775    27.5775    27.5714     2.7433     2.7374    7.49569     2.9339     29.339 0.0000e+00
   1460.000     2.8453   3.182528    34.5848    27.5769    3.92415 -9.990e-29     2.8405   3.181409    34.5764    27.5705     -1.003    34.5847    34.5763    27.5768    27.5704     2.7425     2.7377    7.49591     2.9339     29.339 0.0000e+00
   1459.000     2.8448   3.182345    34.5836    27.5760    3.91764 -9.990e-29     2.8439   3.181599    34.5755    27.5695     -1.168    34.5836    34.5754    27.5759    27.5694     2.7421     2.7412    7.49607     2.9339     29.339 0.0000e+00
   1458.000     2.8489   3.182573    34.5824    27.5745    3.92303 -9.990e-29     2.8468   3.181801    34.5753    27.5691     -1.284    34.5824    34.5754    27.5746    27.5691     2.7462     2.7441    7.49534     2.9339     29.339 0.0000e+00
   1457.000     2.8502   3.182670    34.5827    27.5747    3.92428 -9.990e-29     2.8474   3.181837    34.5755    27.5692     -1.170    34.5827    34.5756    27.5747    27.5693     2.7476     2.7449    7.49508     2.9339     29.339 0.0000e+00
   1456.000     2.8513   3.182715    34.5825    27.5744    3.92408 -9.990e-29     2.8478   3.181832    34.5756    27.5692     -0.848    34.5826    34.5756    27.5745    27.5693     2.7488     2.7453    7.49488     2.9339     29.339 0.0000e+00
