Data/ctd/proc_sb/sam03_ctd_7.cnv
* Sea-Bird SBE 9 Data File:
* FileName = D:\samoc03\ctddata\007.hex
* Software Version Seasave V 7.20d
* Temperature SN = 2951
* Conductivity SN = 2657
* Number of Bytes Per Scan = 31
* Number of Voltage Words = 2
* Number of Scans Averaged by the Deck Unit = 1
* NMEA Latitude = 34 29.86 S
* NMEA Longitude = 048 29.65 W
* NMEA UTC (Time) = Jul 10 2010  05:17:47
** Ship: Puerto Deseado
** Station: 007
** Operator: arp
# nquan = 22
# nvalues = 8234                        
# units = specified
# name 0 = prDM: Pressure, Digiquartz [db]
# name 1 = t090C: Temperature [ITS-90, deg C]
# name 2 = c0S/m: Conductivity [S/m]
# name 3 = sal00: Salinity, Practical [PSU]
# name 4 = sigma-é00: Density [sigma-theta, Kg/m^3]
# name 5 = sbeox0ML/L: Oxygen, SBE 43 [ml/l]
# name 6 = flSP: Fluorescence, Seapoint
# name 7 = t190C: Temperature, 2 [ITS-90, deg C]
# name 8 = c1S/m: Conductivity, 2 [S/m]
# name 9 = sal11: Salinity, Practical, 2 [PSU]
# name 10 = sigma-é11: Density, 2 [sigma-theta, Kg/m^3]
# name 11 = dz/dtM: Descent Rate [m/s]
# name 12 = sal00: Salinity, Practical [PSU]
# name 13 = sal11: Salinity, Practical, 2 [PSU]
# name 14 = sigma-é00: Density [sigma-theta, Kg/m^3]
# name 15 = sigma-é11: Density, 2 [sigma-theta, Kg/m^3]
# name 16 = potemp090C: Potential Temperature [ITS-90, deg C]
# name 17 = potemp190C: Potential Temperature, 2 [ITS-90, deg C]
# name 18 = oxsatML/L: Oxygen Saturation, Weiss [ml/l]
# name 19 = dm: Dynamic Meters [10 J/Kg]
# name 20 = gpa: Geopotential Anomaly [J/Kg]
# name 21 = flag: flag
# span 0 =      1.000,   4119.000       
# span 1 =     0.2316,    18.9460       
# span 2 =   3.062645,   4.840057       
# span 3 =    34.2567,    36.2484       
# span 4 =    25.7591,    27.8475       
# span 5 =    3.14440,    5.42406       
# span 6 = -1.696e-03, 4.1329e-01       
# span 7 =     0.2298,    18.9466       
# span 8 =   3.061865,   4.839381       
# span 9 =    34.2487,    36.2374       
# span 10 =    25.9840,    27.8414      
# span 11 =   -521.335,    673.286      
# span 12 =    34.2549,    36.2486      
# span 13 =    34.2465,    36.2376      
# span 14 =    25.7588,    27.8475      
# span 15 =    25.9867,    27.8414      
# span 16 =    -0.0616,    18.9205      
# span 17 =    -0.0634,    18.9211      
# span 18 =    5.22866,    8.01356      
# span 19 =     0.0006,     4.4271      
# span 20 =      0.006,     44.271      
# span 21 = 0.0000e+00, 0.0000e+00      
# interval = decibars: 1                
# start_time = Jul 10 2010 05:17:47
# bad_flag = -9.990e-29
*END*
[from data line 1449]
   1453.000     3.1848   3.203850    34.4867    27.4680    4.15125 -9.990e-29     3.1819   3.202978    34.4793    27.4625      1.210    34.4865    34.4792    27.4679    27.4624     3.0790     3.0761    7.43727     2.3803     23.803 0.0000e+00
   1454.000     3.1868   3.204032    34.4862    27.4675    4.15220 -9.990e-29     3.1829   3.203093    34.4790    27.4621      0.184    34.4862    34.4790    27.4675    27.4621     3.0809     3.0771    7.43692     2.3811     23.811 0.0000e+00
   1455.000     3.1828   3.203787    34.4870    27.4685    4.14262 -9.990e-29     3.1798   3.202893    34.4796    27.4629      0.797    34.4869    34.4794    27.4684    27.4627     3.0769     3.0739    7.43762     2.3819     23.819 0.0000e+00
   1456.000     3.1816   3.203735    34.4872    27.4688    4.14921 -9.990e-29     3.1791   3.202891    34.4797    27.4631      1.144    34.4870    34.4796    27.4686    27.4629     3.0756     3.0732    7.43784     2.3826     23.826 0.0000e+00
   1457.000     3.1807   3.203668    34.4869    27.4687    4.15591 -9.990e-29     3.1778   3.202789    34.4793    27.4629      1.359    34.4867    34.4792    27.4685    27.4627     3.0746     3.0718    7.43803     2.3833     23.833 0.0000e+00
   1458.000     3.1733   3.203030    34.4867    27.4692    4.15554 -9.990e-29     3.1706   3.202158    34.4791    27.4633      1.481    34.4864    34.4787    27.4689    27.4630     3.0672     3.0646    7.43943     2.3840     23.840 0.0000e+00
   1459.000     3.1686   3.202704    34.4874    27.4702    4.14773 -9.990e-29     3.1656   3.201831    34.4800    27.4646      1.540    34.4869    34.4795    27.4698    27.4641     3.0625     3.0596    7.44027     2.3847     23.847 0.0000e+00
   1460.000     3.1737   3.203422    34.4899    27.4717    4.14734 -9.990e-29     3.1706   3.202587    34.4831    27.4666      1.552    34.4896    34.4828    27.4715    27.4663     3.0674     3.0644    7.43918     2.3854     23.854 0.0000e+00
   1461.000     3.1769   3.203792    34.4903    27.4717    4.15038 1.0630e-02     3.1740   3.202946    34.4832    27.4663      1.244    34.4902    34.4831    27.4716    27.4663     3.0705     3.0677    7.43856     2.3865     23.865 0.0000e+00
   1462.000     3.1775   3.203982    34.4914    27.4725    4.14623 1.0630e-02     3.1746   3.203162    34.4846    27.4674      1.169    34.4913    34.4846    27.4725    27.4674     3.0711     3.0682    7.43839     2.3879     23.879 0.0000e+00
   1463.000     3.1780   3.204200    34.4930    27.4738    4.14558 1.0630e-02     3.1750   3.203325    34.4856    27.4682      1.421    34.4929    34.4855    27.4738    27.4681     3.0714     3.0685    7.43822     2.3886     23.886 0.0000e+00
   1464.000     3.1729   3.203838    34.4937    27.4748    4.14233 1.0630e-02     3.1705   3.202988    34.4860    27.4689      1.535    34.4935    34.4858    27.4747    27.4688     3.0663     3.0639    7.43915     2.3893     23.893 0.0000e+00
   1465.000     3.1707   3.203717    34.4941    27.4753    4.14395 1.0630e-02     3.1681   3.202867    34.4866    27.4696      1.579    34.4938    34.4864    27.4751    27.4694     3.0641     3.0615    7.43953     2.3900     23.900 0.0000e+00
   1466.000     3.1725   3.204044    34.4963    27.4766    4.13970 1.0630e-02     3.1692   3.203169    34.4888    27.4712      1.593    34.4959    34.4886    27.4767    27.4711     3.0653     3.1306    7.43918     2.3907     23.907 0.0000e+00
   1467.000     3.1780   3.204811    34.4982    27.4780    4.13767 1.0630e-02     3.1750   3.203942    34.4910    27.4725      1.603    34.4982    34.4910    27.4780    27.4725     3.0711     3.0679    7.43796     2.3914     23.914 0.0000e+00
   1468.000     3.1773   3.204818    34.4986    27.4784    4.13657 1.0630e-02     3.1745   3.203954    34.4911    27.4727      1.572    34.4986    34.4911    27.4784    27.4727     3.0703     3.0676    7.43807     2.3921     23.921 0.0000e+00
   1469.000     3.1757   3.204765    34.4992    27.4790    4.14095 1.0630e-02     3.1729   3.203893    34.4917    27.4732      0.959    34.4991    34.4916    27.4789    27.4732     3.0687     3.0659    7.43834     2.3928     23.928 0.0000e+00
   1470.000     3.1756   3.204854    34.4998    27.4795    4.14441 -9.990e-29     3.1727   3.203988    34.4925    27.4739      0.317    34.4997    34.4924    27.4794    27.4739     3.0685     3.0657    7.43832     2.3935     23.935 0.0000e+00
   1471.000     3.1743   3.204877    34.5009    27.4806    4.14045 -9.990e-29     3.1716   3.204004    34.4934    27.4748      0.731    34.5009    34.4933    27.4805    27.4747     3.0671     3.0644    7.43850     2.3942     23.942 0.0000e+00
   1472.000     3.1723   3.204866    34.5025    27.4820    4.13569 -9.990e-29     3.1695   3.203991    34.4950    27.4763      0.989    34.5024    34.4949    27.4819    27.4761     3.0650     3.0623    7.43881     2.3949     23.949 0.0000e+00
   1473.000     3.1725   3.205002    34.5034    27.4826    4.13723 -9.990e-29     3.1696   3.204137    34.4961    27.4771      1.097    34.5033    34.4960    27.4826    27.4770     3.0652     3.0623    7.43872     2.3956     23.956 0.0000e+00
   1474.000     3.1730   3.205114    34.5037    27.4829    4.13976 -9.990e-29     3.1701   3.204253    34.4964    27.4773      0.813    34.5036    34.4964    27.4828    27.4773     3.0656     3.0627    7.43861     2.3963     23.963 0.0000e+00
   1475.000     3.1733   3.205192    34.5038    27.4829    4.13874 -9.990e-29     3.1705   3.204355    34.4967    27.4775      0.260    34.5037    34.4966    27.4829    27.4775     3.0658     3.0631    7.43855     2.3970     23.970 0.0000e+00
   1476.000     3.1732   3.205376    34.5057    27.4844    4.13535 -9.990e-29     3.1702   3.204495    34.4982    27.4788      0.762    34.5056    34.4981    27.4844    27.4787     3.0655     3.0627    7.43849     2.3977     23.977 0.0000e+00
   1477.000     3.1721   3.205450    34.5072    27.4857    4.13671 -9.990e-29     3.1693   3.204587    34.4998    27.4801      0.975    34.5071    34.4997    27.4857    27.4801     3.0644     3.0616    7.43861     2.3984     23.984 0.0000e+00
   1478.000     3.1717   3.205472    34.5074    27.4860    4.13312 -9.990e-29     3.1687   3.204620    34.5003    27.4806      0.680    34.5073    34.5002    27.4859    27.4805     3.0639     3.0610    7.43868     2.3992     23.992 0.0000e+00
   1479.000     3.1732   3.205849    34.5097    27.4877    4.13258 -9.990e-29     3.1705   3.204998    34.5024    27.4821      0.425    34.5097    34.5024    27.4877    27.4821     3.0653     3.0626    7.43827     2.4000     24.000 0.0000e+00
   1480.000     3.1753   3.206177    34.5108    27.4884    4.13631 -9.990e-29     3.1725   3.205337    34.5037    27.4830      1.013    34.5109    34.5038    27.4885    27.4831     3.0674     3.0646    7.43782     2.4007     24.007 0.0000e+00
   1481.000     3.1776   3.206524    34.5120    27.4892    4.13654 -9.990e-29     3.1748   3.205663    34.5047    27.4836      1.322    34.5122    34.5049    27.4893    27.4837     3.0695     3.0667    7.43733     2.4014     24.014 0.0000e+00
   1482.000     3.1780   3.206698    34.5132    27.4901    4.13650 -9.990e-29     3.1752   3.205821    34.5057    27.4844      1.324    34.5134    34.5059    27.4902    27.4845     3.0698     3.0670    7.43720     2.4021     24.021 0.0000e+00
   1483.000     3.1781   3.206744    34.5132    27.4901    4.13650 1.0630e-02     3.1753   3.205884    34.5059    27.4845      0.346    34.5133    34.5060    27.4902    27.4846     3.0698     3.0670    7.43719     2.4064     24.064 0.0000e+00
   1484.000     3.1780   3.206800    34.5135    27.4903    4.13458 1.0630e-02     3.1752   3.205932    34.5061    27.4847      0.529    34.5136    34.5061    27.4904    27.4847     3.0697     3.0669    7.43719     2.4185     24.185 0.0000e+00
   1485.000     3.1780   3.206848    34.5137    27.4905    4.13487 1.0630e-02     3.1751   3.205985    34.5064    27.4849      0.528    34.5137    34.5064    27.4905    27.4849     3.0696     3.0667    7.43719     2.4194     24.194 0.0000e+00
   1486.000     3.1777   3.206872    34.5138    27.4906    4.13512 -9.990e-29     3.1747   3.206007    34.5065    27.4851      0.573    34.5138    34.5066    27.4906    27.4851     3.0692     3.0663    7.43724     2.4202     24.202 0.0000e+00
   1487.000     3.1772   3.206886    34.5140    27.4909    4.13006 -9.990e-29     3.1744   3.206024    34.5066    27.4852      0.306    34.5140    34.5066    27.4909    27.4852     3.0686     3.0659    7.43732     2.4213     24.213 0.0000e+00
   1488.000     3.1767   3.206941    34.5147    27.4914    4.12627 -9.990e-29     3.1740   3.206067    34.5071    27.4856      0.881    34.5147    34.5071    27.4914    27.4856     3.0680     3.0653    7.43738     2.4222     24.222 0.0000e+00
   1489.000     3.1759   3.206911    34.5147    27.4915    4.13613 -9.990e-29     3.1731   3.206049    34.5073    27.4859      1.213    34.5147    34.5073    27.4915    27.4858     3.0671     3.0644    7.43753     2.4229     24.229 0.0000e+00
   1490.000     3.1752   3.206934    34.5152    27.4920    4.13071 -9.990e-29     3.1724   3.206061    34.5078    27.4863      1.248    34.5151    34.5077    27.4919    27.4863     3.0664     3.0636    7.43763     2.4235     24.235 0.0000e+00
   1491.000     3.1741   3.206910    34.5157    27.4925    4.13174 -9.990e-29     3.1712   3.206039    34.5083    27.4868      1.005    34.5156    34.5082    27.4924    27.4867     3.0652     3.0624    7.43782     2.4251     24.251 0.0000e+00
   1492.000     3.1732   3.206898    34.5159    27.4928    4.13229 -9.990e-29     3.1703   3.206024    34.5085    27.4871      1.112    34.5159    34.5084    27.4927    27.4870     3.0642     3.0614    7.43797     2.4262     24.262 0.0000e+00
   1493.000     3.1728   3.206933    34.5163    27.4931    4.12815 1.0630e-02     3.1700   3.206070    34.5089    27.4875      0.793    34.5162    34.5089    27.4931    27.4874     3.0637     3.0609    7.43803     2.4269     24.269 0.0000e+00
   1494.000     3.1731   3.207037    34.5166    27.4934    4.13516 1.0630e-02     3.1703   3.206174    34.5094    27.4878      0.179    34.5166    34.5093    27.4933    27.4878     3.0640     3.0611    7.43795     2.4276     24.276 0.0000e+00
   1495.000     3.1728   3.207096    34.5172    27.4938    4.13205 1.0630e-02     3.1700   3.206229    34.5098    27.4882      0.621    34.5172    34.5097    27.4938    27.4881     3.0636     3.0608    7.43798     2.4285     24.285 0.0000e+00
   1496.000     3.1729   3.207161    34.5174    27.4940    4.13286 1.0630e-02     3.1700   3.206291    34.5100    27.4883      1.032    34.5174    34.5100    27.4940    27.4883     3.0636     3.0607    7.43796     2.4292     24.292 0.0000e+00
   1497.000     3.1726   3.207196    34.5176    27.4942    4.13321 1.0630e-02     3.1697   3.206329    34.5102    27.4886      1.306    34.5176    34.5102    27.4942    27.4886     3.0632     3.0604    7.43800     2.4299     24.299 0.0000e+00
   1498.000     3.1717   3.207201    34.5182    27.4948    4.13031 1.0630e-02     3.1689   3.206315    34.5105    27.4889      1.447    34.5181    34.5105    27.4947    27.4889     3.0622     3.0594    7.43814     2.4306     24.306 0.0000e+00
   1499.000     3.1711   3.207200    34.5183    27.4949    4.13201 1.0630e-02     3.1682   3.206334    34.5110    27.4893      1.443    34.5182    34.5109    27.4949    27.4893     3.0615     3.0587    7.43825     2.4313     24.313 0.0000e+00
   1500.000     3.1717   3.207276    34.5180    27.4946    4.12804 1.0630e-02     3.1691   3.206411    34.5104    27.4888      0.522    34.5180    34.5104    27.4946    27.4888     3.0620     3.0595    7.43815     2.4321     24.321 0.0000e+00
   1501.000     3.1712   3.207308    34.5184    27.4950    4.12875 -9.990e-29     3.1683   3.206441    34.5111    27.4894      0.685    34.5184    34.5111    27.4950    27.4894     3.0615     3.0586    7.43821     2.4328     24.328 0.0000e+00
   1502.000     3.1704   3.207311    34.5189    27.4955    4.13097 -9.990e-29     3.1673   3.206416    34.5114    27.4898      0.137    34.5188    34.5113    27.4954    27.4897     3.0606     3.0575    7.43835     2.4335     24.335 0.0000e+00
   1503.000     3.1695   3.207346    34.5197    27.4962    4.12934 -9.990e-29     3.1668   3.206478    34.5122    27.4905      0.740    34.5197    34.5121    27.4962    27.4904     3.0596     3.0569    7.43847     2.4342     24.342 0.0000e+00
   1504.000     3.1695   3.207380    34.5197    27.4962    4.12900 -9.990e-29     3.1665   3.206495    34.5122    27.4905      1.187    34.5196    34.5122    27.4961    27.4905     3.0595     3.0565    7.43848     2.4349     24.349 0.0000e+00
   1505.000     3.1688   3.207363    34.5197    27.4962    4.12986 -9.990e-29     3.1660   3.206486    34.5121    27.4905      1.405    34.5196    34.5120    27.4962    27.4904     3.0588     3.0560    7.43860     2.4356     24.356 0.0000e+00
   1506.000     3.1687   3.207378    34.5194    27.4961    4.12969 -9.990e-29     3.1660   3.206518    34.5120    27.4904      1.422    34.5194    34.5119    27.4960    27.4903     3.0586     3.0559    7.43863     2.4363     24.363 0.0000e+00
   1507.000     3.1687   3.207410    34.5194    27.4960    4.12696 1.0630e-02     3.1658   3.206545    34.5120    27.4904      0.525    34.5193    34.5119    27.4960    27.4904     3.0585     3.0557    7.43864     2.4371     24.371 0.0000e+00
   1508.000     3.1673   3.207406    34.5203    27.4969    4.12720 1.0630e-02     3.1647   3.206546    34.5127    27.4911      0.746    34.5202    34.5126    27.4968    27.4910     3.0570     3.0545    7.43885     2.4379     24.379 0.0000e+00
   1509.000     3.1657   3.207371    34.5212    27.4978    4.12881 1.0630e-02     3.1629   3.206502    34.5136    27.4920      1.162    34.5210    34.5135    27.4976    27.4919     3.0553     3.0526    7.43912     2.4386     24.386 0.0000e+00
   1510.000     3.1638   3.207304    34.5219    27.4985    4.12980 1.0630e-02     3.1611   3.206441    34.5144    27.4928      1.394    34.5217    34.5142    27.4984    27.4926     3.0534     3.0507    7.43944     2.4393     24.393 0.0000e+00
   1511.000     3.1617   3.207166    34.5220    27.4988    4.12991 1.0630e-02     3.1592   3.206331    34.5146    27.4931      1.501    34.5217    34.5144    27.4986    27.4929     3.0512     3.0488    7.43982     2.4400     24.400 0.0000e+00
   1512.000     3.1608   3.207121    34.5218    27.4988    4.13179 1.0630e-02     3.1579   3.206251    34.5145    27.4931      1.520    34.5216    34.5142    27.4986    27.4930     3.0502     3.0474    7.43999     2.4407     24.407 0.0000e+00
   1513.000     3.1620   3.207256    34.5216    27.4985    4.12032 1.0630e-02     3.1594   3.206383    34.5139    27.4925      0.555    34.5215    34.5138    27.4984    27.4924     3.0513     3.0488    7.43977     2.4417     24.417 0.0000e+00
   1514.000     3.1595   3.207096    34.5219    27.4989    4.12472 -9.990e-29     3.1567   3.206232    34.5145    27.4933      1.065    34.5217    34.5143    27.4988    27.4932     3.0488     3.0460    7.44022     2.4425     24.425 0.0000e+00
   1515.000     3.1585   3.207051    34.5219    27.4991    4.12637 -9.990e-29     3.1556   3.206177    34.5145    27.4934      1.378    34.5217    34.5143    27.4989    27.4933     3.0477     3.0449    7.44041     2.4432     24.432 0.0000e+00
   1516.000     3.1579   3.207060    34.5222    27.4994    4.12244 -9.990e-29     3.1551   3.206195    34.5148    27.4937      1.422    34.5220    34.5146    27.4992    27.4936     3.0470     3.0443    7.44052     2.4439     24.439 0.0000e+00
   1517.000     3.1592   3.207430    34.5247    27.5012    4.12294 -9.990e-29     3.1562   3.206562    34.5174    27.4957      1.271    34.5246    34.5173    27.5011    27.4956     3.0482     3.0453    7.44015     2.4445     24.445 0.0000e+00
