Data/ctd/proc_sb/sam03_ctd_9.cnv
* Sea-Bird SBE 9 Data File:
* FileName = D:\samoc03\ctddata\009bis.hex
* Software Version Seasave V 7.20d
* Temperature SN = 2951
* Conductivity SN = 2657
* Number of Bytes Per Scan = 31
* Number of Voltage Words = 2
* Number of Scans Averaged by the Deck Unit = 1
* NMEA Latitude = 34 31.50 S
* NMEA Longitude = 044 25.88 W
* NMEA UTC (Time) = Jul 11 2010  20:07:08
** Ship: Puerto Deseado
** Station: 009bis
** Operator: AnaP
** Segundo casting luego de 009, despues de haberlo sacado a cubierta para verificar el estado del CTD
# nquan = 22
# nvalues = 9685                        
# units = specified
# name 0 = prDM: Pressure, Digiquartz [db]
# name 1 = t090C: Temperature [ITS-90, deg C]
# name 2 = c0S/m: Conductivity [S/m]
# name 3 = sal00: Salinity, Practical [PSU]
# name 4 = sigma-é00: Density [sigma-theta, Kg/m^3]
# name 5 = sbeox0ML/L: Oxygen, SBE 43 [ml/l]
# name 6 = flSP: Fluorescence, Seapoint
# name 7 = t190C: Temperature, 2 [ITS-90, deg C]
# name 8 = c1S/m: Conductivity, 2 [S/m]
# name 9 = sal11: Salinity, Practical, 2 [PSU]
# name 10 = sigma-é11: Density, 2 [sigma-theta, Kg/m^3]
# name 11 = dz/dtM: Descent Rate [m/s]
# name 12 = sal00: Salinity, Practical [PSU]
# name 13 = sal11: Salinity, Practical, 2 [PSU]
# name 14 = sigma-é00: Density [sigma-theta, Kg/m^3]
# name 15 = sigma-é11: Density, 2 [sigma-theta, Kg/m^3]
# name 16 = potemp090C: Potential Temperature [ITS-90, deg C]
# name 17 = potemp190C: Potential Temperature, 2 [ITS-90, deg C]
# name 18 = oxsatML/L: Oxygen Saturation, Weiss [ml/l]
# name 19 = dm: Dynamic Meters [10 J/Kg]
# name 20 = gpa: Geopotential Anomaly [J/Kg]
# name 21 = flag: flag
# span 0 =      1.000,   4844.000       
# span 1 =     0.2187,    16.3781       
# span 2 =   3.073260,   4.498609       
# span 3 =    34.1717,    35.5873       
# span 4 =    26.0138,    27.8483       
# span 5 =    3.90560,    5.69607       
# span 6 = -1.853e-03, 1.0455e+00       
# span 7 =     0.2166,    16.3802       
# span 8 =   3.072525,   4.497486       
# span 9 =    34.1648,    35.5754       
# span 10 =    26.0140,    27.8425      
# span 11 =     -2.451,      1.549      
# span 12 =    34.1716,    35.5877      
# span 13 =    34.1647,    35.5759      
# span 14 =    26.0138,    27.8483      
# span 15 =    26.0141,    27.8424      
# span 16 =    -0.1360,    16.3625      
# span 17 =    -0.1380,    16.3646      
# span 18 =    5.51444,    8.01652      
# span 19 =    -0.0025,     3.2111      
# span 20 =     -0.025,     32.111      
# span 21 = 0.0000e+00, 0.0000e+00      
# interval = decibars: 1                
# start_time = Jul 11 2010 20:07:08
# bad_flag = -9.990e-29
*END*
[from data line 5136]
   4549.000     0.2268   3.078418    34.6723    27.8477    4.84245 1.0630e-02     0.2247   3.077657    34.6650    27.8419     -1.245    34.6724    34.6650    27.8477    27.8419    -0.1135    -0.1154    8.01475     2.8702     28.702 0.0000e+00
   4548.000     0.2265   3.078373    34.6725    27.8478    4.84752 -9.990e-29     0.2245   3.077606    34.6651    27.8419     -0.945    34.6725    34.6650    27.8478    27.8419    -0.1136    -0.1155    8.01480     2.8702     28.702 0.0000e+00
   4547.000     0.2265   3.078326    34.6723    27.8477    4.85173 -9.990e-29     0.2244   3.077557    34.6649    27.8418     -0.678    34.6723    34.6649    27.8477    27.8418    -0.1135    -0.1156    8.01480     2.8702     28.702 0.0000e+00
   4546.000     0.2267   3.078301    34.6722    27.8476    4.86049 -9.990e-29     0.2246   3.077531    34.6648    27.8417     -0.876    34.6723    34.6648    27.8476    27.8417    -0.1133    -0.1153    8.01477     2.8702     28.702 0.0000e+00
   4545.000     0.2269   3.078291    34.6724    27.8477    4.85404 -9.990e-29     0.2248   3.077530    34.6649    27.8418     -1.153    34.6723    34.6649    27.8477    27.8418    -0.1130    -0.1149    8.01473     2.8702     28.702 0.0000e+00
   4544.000     0.2271   3.078281    34.6724    27.8476    4.86319 -9.990e-29     0.2253   3.077545    34.6651    27.8419     -1.330    34.6724    34.6651    27.8476    27.8419    -0.1126    -0.1144    8.01467     2.8702     28.702 0.0000e+00
   4543.000     0.2275   3.078289    34.6725    27.8477    4.84094 -9.990e-29     0.2257   3.077544    34.6651    27.8418     -1.285    34.6725    34.6651    27.8477    27.8418    -0.1122    -0.1139    8.01459     2.8702     28.702 0.0000e+00
   4542.000     0.2271   3.078234    34.6726    27.8479    4.83973 -9.990e-29     0.2255   3.077504    34.6652    27.8419     -1.005    34.6726    34.6651    27.8479    27.8419    -0.1124    -0.1139    8.01466     2.8702     28.702 0.0000e+00
   4541.000     0.2275   3.078215    34.6724    27.8476    4.86502 -9.990e-29     0.2259   3.077496    34.6651    27.8418     -0.857    34.6724    34.6651    27.8477    27.8418    -0.1120    -0.1134    8.01460     2.8702     28.702 0.0000e+00
   4540.000     0.2281   3.078235    34.6723    27.8476    4.84756 -9.990e-29     0.2262   3.077484    34.6650    27.8417     -0.976    34.6724    34.6650    27.8476    27.8418    -0.1112    -0.1131    8.01446     2.8702     28.702 0.0000e+00
   4539.000     0.2283   3.078222    34.6724    27.8476    4.84902 -9.990e-29     0.2264   3.077482    34.6652    27.8418     -1.112    34.6725    34.6652    27.8477    27.8419    -0.1110    -0.1128    8.01443     2.8702     28.702 0.0000e+00
   4538.000     0.2284   3.078202    34.6725    27.8476    4.84371 -9.990e-29     0.2264   3.077454    34.6652    27.8419     -1.103    34.6725    34.6653    27.8477    27.8419    -0.1107    -0.1127    8.01440     2.8702     28.702 0.0000e+00
   4537.000     0.2283   3.078157    34.6725    27.8476    4.84369 -9.990e-29     0.2263   3.077411    34.6652    27.8419     -0.972    34.6725    34.6652    27.8477    27.8419    -0.1108    -0.1126    8.01443     2.8702     28.702 0.0000e+00
   4536.000     0.2283   3.078129    34.6725    27.8477    4.84086 -9.990e-29     0.2263   3.077371    34.6651    27.8418     -0.955    34.6725    34.6651    27.8477    27.8418    -0.1106    -0.1125    8.01442     2.8702     28.702 0.0000e+00
   4535.000     0.2284   3.078096    34.6724    27.8476    4.84259 -9.990e-29     0.2264   3.077360    34.6653    27.8419     -1.025    34.6725    34.6653    27.8476    27.8419    -0.1104    -0.1123    8.01441     2.8702     28.702 0.0000e+00
   4534.000     0.2286   3.078083    34.6724    27.8476    4.84009 -9.990e-29     0.2268   3.077351    34.6652    27.8418     -1.079    34.6724    34.6652    27.8476    27.8418    -0.1101    -0.1118    8.01435     2.8702     28.702 0.0000e+00
   4533.000     0.2290   3.078086    34.6724    27.8476    4.84342 -9.990e-29     0.2274   3.077374    34.6652    27.8418     -1.111    34.6725    34.6652    27.8476    27.8418    -0.1096    -0.1111    8.01427     2.8702     28.702 0.0000e+00
   4532.000     0.2293   3.078083    34.6725    27.8476    4.84744 -9.990e-29     0.2277   3.077376    34.6653    27.8419     -1.166    34.6725    34.6654    27.8476    27.8419    -0.1092    -0.1107    8.01420     2.8702     28.702 0.0000e+00
   4531.000     0.2301   3.078113    34.6725    27.8475    4.85002 -9.990e-29     0.2288   3.077435    34.6653    27.8418     -1.204    34.6725    34.6654    27.8476    27.8418    -0.1084    -0.1096    8.01404     2.8702     28.702 0.0000e+00
   4530.000     0.2305   3.078128    34.6726    27.8476    4.83147 -9.990e-29     0.2290   3.077418    34.6652    27.8417     -1.183    34.6727    34.6653    27.8476    27.8418    -0.1078    -0.1092    8.01395     2.8702     28.702 0.0000e+00
   4529.000     0.2309   3.078127    34.6726    27.8475    4.84728 -9.990e-29     0.2293   3.077410    34.6652    27.8417     -1.120    34.6726    34.6653    27.8476    27.8417    -0.1073    -0.1088    8.01386     2.8702     28.702 0.0000e+00
   4528.000     0.2306   3.078080    34.6727    27.8477    4.83804 -9.990e-29     0.2293   3.077387    34.6654    27.8418     -1.004    34.6728    34.6655    27.8477    27.8419    -0.1075    -0.1087    8.01392     2.8702     28.702 0.0000e+00
   4527.000     0.2306   3.078042    34.6727    27.8476    4.85693 -9.990e-29     0.2296   3.077380    34.6654    27.8418     -0.888    34.6727    34.6655    27.8477    27.8418    -0.1074    -0.1083    8.01392     2.8702     28.702 0.0000e+00
   4526.000     0.2310   3.078028    34.6725    27.8475    4.85938 -9.990e-29     0.2296   3.077338    34.6653    27.8417     -0.897    34.6726    34.6653    27.8475    27.8417    -0.1069    -0.1082    8.01385     2.8702     28.702 0.0000e+00
   4525.000     0.2318   3.078074    34.6726    27.8475    4.85998 -9.990e-29     0.2301   3.077352    34.6654    27.8418     -1.002    34.6727    34.6654    27.8476    27.8418    -0.1060    -0.1076    8.01367     2.8702     28.702 0.0000e+00
   4524.000     0.2322   3.078071    34.6726    27.8475    4.83673 -9.990e-29     0.2302   3.077335    34.6654    27.8418     -1.093    34.6727    34.6655    27.8475    27.8418    -0.1056    -0.1074    8.01360     2.8702     28.702 0.0000e+00
   4523.000     0.2323   3.078049    34.6726    27.8475    4.85145 -9.990e-29     0.2304   3.077325    34.6654    27.8418     -1.066    34.6727    34.6655    27.8475    27.8418    -0.1054    -0.1071    8.01357     2.8702     28.702 0.0000e+00
   4522.000     0.2325   3.078041    34.6727    27.8475    4.84830 -9.990e-29     0.2307   3.077307    34.6654    27.8417     -1.002    34.6728    34.6654    27.8476    27.8417    -0.1051    -0.1067    8.01352     2.8702     28.702 0.0000e+00
   4521.000     0.2328   3.078034    34.6727    27.8475    4.84241 -9.990e-29     0.2310   3.077288    34.6653    27.8416     -1.028    34.6728    34.6653    27.8476    27.8416    -0.1046    -0.1063    8.01345     2.8702     28.702 0.0000e+00
   4520.000     0.2334   3.078039    34.6725    27.8474    4.84019 -9.990e-29     0.2313   3.077285    34.6653    27.8416     -1.137    34.6726    34.6653    27.8474    27.8416    -0.1040    -0.1059    8.01334     2.8702     28.702 0.0000e+00
   4519.000     0.2333   3.078010    34.6727    27.8474    4.83980 -9.990e-29     0.2313   3.077262    34.6654    27.8417     -1.252    34.6727    34.6655    27.8475    27.8417    -0.1039    -0.1058    8.01335     2.8702     28.702 0.0000e+00
   4518.000     0.2331   3.077970    34.6728    27.8476    4.84165 -9.990e-29     0.2311   3.077220    34.6656    27.8418     -1.263    34.6729    34.6656    27.8476    27.8418    -0.1040    -0.1059    8.01338     2.8702     28.702 0.0000e+00
   4517.000     0.2329   3.077925    34.6729    27.8477    4.83747 -9.990e-29     0.2310   3.077169    34.6655    27.8418     -1.030    34.6730    34.6655    27.8477    27.8418    -0.1041    -0.1059    8.01342     2.8702     28.702 0.0000e+00
   4516.000     0.2330   3.077886    34.6727    27.8475    4.83751 -9.990e-29     0.2307   3.077126    34.6656    27.8418     -0.661    34.6727    34.6656    27.8475    27.8419    -0.1039    -0.1060    8.01341     2.8702     28.702 0.0000e+00
   4515.000     0.2331   3.077861    34.6727    27.8474    4.83944 -9.990e-29     0.2308   3.077085    34.6654    27.8417     -0.786    34.6727    34.6654    27.8475    27.8417    -0.1037    -0.1059    8.01339     2.8702     28.702 0.0000e+00
   4514.000     0.2334   3.077860    34.6728    27.8476    4.84718 -9.990e-29     0.2311   3.077080    34.6655    27.8417     -1.085    34.6729    34.6655    27.8476    27.8417    -0.1033    -0.1055    8.01333     2.8702     28.702 0.0000e+00
   4513.000     0.2332   3.077810    34.6728    27.8475    4.85443 -9.990e-29     0.2313   3.077060    34.6654    27.8417     -1.324    34.6728    34.6655    27.8476    27.8417    -0.1034    -0.1052    8.01336     2.8702     28.702 0.0000e+00
   4512.000     0.2333   3.077789    34.6729    27.8476    4.83371 -9.990e-29     0.2311   3.077032    34.6657    27.8419     -1.433    34.6729    34.6657    27.8476    27.8419    -0.1032    -0.1052    8.01334     2.8702     28.702 0.0000e+00
   4511.000     0.2332   3.077751    34.6729    27.8476    4.84487 -9.990e-29     0.2313   3.076996    34.6655    27.8417     -1.348    34.6730    34.6655    27.8476    27.8417    -0.1032    -0.1050    8.01336     2.8702     28.702 0.0000e+00
   4510.000     0.2331   3.077710    34.6730    27.8477    4.85054 -9.990e-29     0.2312   3.076952    34.6655    27.8417     -1.001    34.6730    34.6655    27.8477    27.8417    -0.1032    -0.1050    8.01339     2.8702     28.702 0.0000e+00
   4509.000     0.2331   3.077672    34.6729    27.8476    4.85891 -9.990e-29     0.2310   3.076907    34.6655    27.8418     -0.756    34.6729    34.6655    27.8476    27.8418    -0.1031    -0.1051    8.01339     2.8702     28.702 0.0000e+00
   4508.000     0.2333   3.077653    34.6728    27.8475    4.84069 -9.990e-29     0.2313   3.076902    34.6655    27.8418     -0.879    34.6728    34.6656    27.8475    27.8417    -0.1027    -0.1046    8.01334     2.8702     28.702 0.0000e+00
   4507.000     0.2338   3.077662    34.6728    27.8474    4.84304 -9.990e-29     0.2318   3.076918    34.6655    27.8417     -1.021    34.6728    34.6656    27.8475    27.8417    -0.1021    -0.1040    8.01323     2.8702     28.702 0.0000e+00
   4506.000     0.2343   3.077666    34.6727    27.8474    4.84963 -9.990e-29     0.2324   3.076935    34.6655    27.8417     -1.069    34.6727    34.6656    27.8474    27.8417    -0.1015    -0.1033    8.01313     2.8702     28.702 0.0000e+00
   4505.000     0.2346   3.077667    34.6729    27.8475    4.83455 -9.990e-29     0.2327   3.076919    34.6655    27.8416     -1.065    34.6729    34.6655    27.8475    27.8416    -0.1012    -0.1030    8.01307     2.8702     28.702 0.0000e+00
   4504.000     0.2350   3.077668    34.6729    27.8475    4.85246 -9.990e-29     0.2328   3.076920    34.6658    27.8418     -1.104    34.6729    34.6658    27.8475    27.8418    -0.1007    -0.1027    8.01299     2.8702     28.702 0.0000e+00
   4503.000     0.2353   3.077649    34.6727    27.8473    4.84199 -9.990e-29     0.2331   3.076889    34.6655    27.8416     -1.198    34.6728    34.6656    27.8473    27.8417    -0.1003    -0.1024    8.01293     2.8702     28.702 0.0000e+00
   4502.000     0.2353   3.077628    34.6729    27.8474    4.83813 -9.990e-29     0.2333   3.076881    34.6656    27.8417     -1.305    34.6729    34.6657    27.8474    27.8417    -0.1001    -0.1021    8.01291     2.8702     28.702 0.0000e+00
   4501.000     0.2354   3.077607    34.6729    27.8475    4.84060 -9.990e-29     0.2334   3.076868    34.6657    27.8417     -1.348    34.6730    34.6658    27.8475    27.8418    -0.1000    -0.1018    8.01290     2.8702     28.702 0.0000e+00
   4500.000     0.2350   3.077556    34.6731    27.8476    4.83708 -9.990e-29     0.2334   3.076842    34.6659    27.8418     -1.229    34.6731    34.6659    27.8476    27.8419    -0.1002    -0.1018    8.01296     2.8702     28.702 0.0000e+00
   4499.000     0.2351   3.077530    34.6731    27.8476    4.83599 -9.990e-29     0.2332   3.076784    34.6658    27.8418     -0.799    34.6731    34.6658    27.8476    27.8418    -0.1000    -0.1018    8.01294     2.8702     28.702 0.0000e+00
   4498.000     0.2352   3.077497    34.6730    27.8475    4.83698 -9.990e-29     0.2332   3.076728    34.6655    27.8416     -0.623    34.6730    34.6655    27.8475    27.8416    -0.0998    -0.1017    8.01293     2.8702     28.702 0.0000e+00
   4497.000     0.2355   3.077472    34.6728    27.8473    4.84016 -9.990e-29     0.2335   3.076727    34.6656    27.8415     -0.876    34.6728    34.6656    27.8473    27.8416    -0.0994    -0.1013    8.01288     2.8702     28.702 0.0000e+00
   4496.000     0.2358   3.077487    34.6730    27.8475    4.83844 -9.990e-29     0.2340   3.076747    34.6657    27.8416     -1.110    34.6731    34.6657    27.8475    27.8416    -0.0990    -0.1007    8.01280     2.8702     28.702 0.0000e+00
   4495.000     0.2361   3.077472    34.6730    27.8474    4.84069 -9.990e-29     0.2342   3.076724    34.6656    27.8416     -1.236    34.6730    34.6657    27.8475    27.8416    -0.0987    -0.1005    8.01275     2.8702     28.702 0.0000e+00
   4494.000     0.2362   3.077449    34.6730    27.8474    4.85207 -9.990e-29     0.2341   3.076696    34.6658    27.8417     -1.255    34.6731    34.6658    27.8475    27.8418    -0.0985    -0.1004    8.01273     2.8702     28.702 0.0000e+00
   4493.000     0.2361   3.077412    34.6731    27.8475    4.85717 -9.990e-29     0.2341   3.076661    34.6658    27.8417     -1.202    34.6731    34.6658    27.8475    27.8417    -0.0984    -0.1003    8.01273     2.8702     28.702 0.0000e+00
   4492.000     0.2359   3.077363    34.6730    27.8474    4.83472 -9.990e-29     0.2338   3.076616    34.6659    27.8418     -1.116    34.6731    34.6659    27.8475    27.8418    -0.0985    -0.1004    8.01277     2.8702     28.702 0.0000e+00
   4491.000     0.2360   3.077347    34.6732    27.8476    4.84481 -9.990e-29     0.2340   3.076580    34.6657    27.8417     -1.022    34.6732    34.6658    27.8476    27.8417    -0.0983    -0.1002    8.01275     2.8702     28.702 0.0000e+00
   4490.000     0.2359   3.077296    34.6731    27.8475    4.85764 -9.990e-29     0.2341   3.076557    34.6657    27.8416     -0.953    34.6731    34.6657    27.8475    27.8416    -0.0983    -0.0999    8.01278     2.8702     28.702 0.0000e+00
   4489.000     0.2362   3.077289    34.6730    27.8474    4.83888 -9.990e-29     0.2345   3.076574    34.6659    27.8418     -0.975    34.6731    34.6660    27.8475    27.8418    -0.0979    -0.0995    8.01271     2.8702     28.702 0.0000e+00
   4488.000     0.2369   3.077305    34.6729    27.8473    4.82639 -9.990e-29     0.2353   3.076589    34.6656    27.8415     -1.083    34.6730    34.6657    27.8474    27.8415    -0.0971    -0.0986    8.01257     2.8702     28.702 0.0000e+00
   4487.000     0.2373   3.077317    34.6731    27.8474    4.83703 -9.990e-29     0.2355   3.076575    34.6656    27.8415     -1.210    34.6731    34.6657    27.8475    27.8415    -0.0966    -0.0983    8.01248     2.8702     28.702 0.0000e+00
   4486.000     0.2375   3.077301    34.6731    27.8474    4.85242 -9.990e-29     0.2359   3.076578    34.6657    27.8415     -1.276    34.6731    34.6657    27.8474    27.8415    -0.0963    -0.0978    8.01244     2.8702     28.702 0.0000e+00
   4485.000     0.2374   3.077274    34.6733    27.8475    4.84276 -9.990e-29     0.2357   3.076546    34.6659    27.8417     -1.181    34.6733    34.6659    27.8476    27.8417    -0.0963    -0.0979    8.01245     2.8702     28.702 0.0000e+00
