Data/ctd/proc_sb/sam03_ctd_4.cnv
* Sea-Bird SBE 9 Data File:
* FileName = D:\samoc03\ctddata\004.hex
* Software Version Seasave V 7.20d
* Temperature SN = 2951
* Conductivity SN = 2657
* Number of Bytes Per Scan = 31
* Number of Voltage Words = 2
* Number of Scans Averaged by the Deck Unit = 1
* NMEA Latitude = 34 30.07 S
* NMEA Longitude = 051 29.77 W
* NMEA UTC (Time) = Jul 07 2010  18:29:52
** Ship: Puerto Deseado
** Station: 004
** Operator: AnaP
** 1era estación de la pierna de las pies. CTD de SHN
# nquan = 22
# nvalues = 2728                        
# units = specified
# name 0 = prDM: Pressure, Digiquartz [db]
# name 1 = t090C: Temperature [ITS-90, deg C]
# name 2 = c0S/m: Conductivity [S/m]
# name 3 = sal00: Salinity, Practical [PSU]
# name 4 = sigma-é00: Density [sigma-theta, Kg/m^3]
# name 5 = sbeox0ML/L: Oxygen, SBE 43 [ml/l]
# name 6 = flSP: Fluorescence, Seapoint
# name 7 = t190C: Temperature, 2 [ITS-90, deg C]
# name 8 = c1S/m: Conductivity, 2 [S/m]
# name 9 = sal11: Salinity, Practical, 2 [PSU]
# name 10 = sigma-é11: Density, 2 [sigma-theta, Kg/m^3]
# name 11 = dz/dtM: Descent Rate [m/s]
# name 12 = sal00: Salinity, Practical [PSU]
# name 13 = sal11: Salinity, Practical, 2 [PSU]
# name 14 = sigma-é00: Density [sigma-theta, Kg/m^3]
# name 15 = sigma-é11: Density, 2 [sigma-theta, Kg/m^3]
# name 16 = potemp090C: Potential Temperature [ITS-90, deg C]
# name 17 = potemp190C: Potential Temperature, 2 [ITS-90, deg C]
# name 18 = oxsatML/L: Oxygen Saturation, Weiss [ml/l]
# name 19 = dm: Dynamic Meters [10 J/Kg]
# name 20 = gpa: Geopotential Anomaly [J/Kg]
# name 21 = flag: flag
# span 0 =      1.000,   1366.000       
# span 1 =     2.9860,    20.2095       
# span 2 =   3.172575,   4.962269       
# span 3 =    29.5590,    36.2118       
# span 4 =    21.6704,    27.4507       
# span 5 =   -2.19709,   -1.25092       
# span 6 = -8.004e-04, 1.3306e+00       
# span 7 =     2.9833,    20.2112       
# span 8 =   3.171706,   4.961221       
# span 9 =    28.3476,    36.1987       
# span 10 =    20.7416,    27.4452      
# span 11 =     -2.000,      1.772      
# span 12 =    29.5883,    36.2123      
# span 13 =    28.2362,    36.1992      
# span 14 =    21.6929,    27.4507      
# span 15 =    20.6563,    27.4452      
# span 16 =     2.8970,    20.1948      
# span 17 =     2.8937,    20.1964      
# span 18 =    5.10918,    7.47780      
# span 19 =     0.0013,     2.8166      
# span 20 =      0.013,     28.166      
# span 21 = 0.0000e+00, 0.0000e+00      
# interval = decibars: 1                
# start_time = Jul 07 2010 18:29:52
# bad_flag = -9.990e-29
*END*
[from data line 1252]
   1256.000     2.9953   3.173041    34.4150    27.4264   -2.16625 1.0630e-02     2.9926   3.172177    34.4074    27.4207      1.396    34.4147    34.4072    27.4262    27.4205     2.9077     2.9051    7.47622     1.6500     16.500 0.0000e+00
   1257.000     2.9942   3.173003    34.4152    27.4267   -2.16609 1.0630e-02     2.9915   3.172134    34.4075    27.4208      1.143    34.4149    34.4073    27.4265    27.4206     2.9066     2.9039    7.47642     1.6507     16.507 0.0000e+00
   1258.000     2.9945   3.173067    34.4151    27.4266   -2.16618 1.0630e-02     2.9913   3.172164    34.4075    27.4209      0.714    34.4149    34.4073    27.4265    27.4207     2.9068     2.9037    7.47637     1.6515     16.515 0.0000e+00
   1259.000     2.9976   3.173323    34.4142    27.4256   -2.16812 1.0630e-02     2.9934   3.172352    34.4069    27.4202      0.682    34.4142    34.4069    27.4256    27.4201     2.9098     2.9057    7.47581     1.6527     16.527 0.0000e+00
   1260.000     2.9932   3.173058    34.4153    27.4269   -2.16829 -9.990e-29     2.9899   3.172155    34.4079    27.4213      0.933    34.4152    34.4077    27.4268    27.4211     2.9053     2.9021    7.47660     1.6534     16.534 0.0000e+00
   1261.000     2.9918   3.173008    34.4157    27.4274   -2.16826 -9.990e-29     2.9895   3.172166    34.4079    27.4213      1.018    34.4155    34.4077    27.4272    27.4212     2.9039     2.9017    7.47684     1.6542     16.542 0.0000e+00
   1262.000     2.9916   3.173024    34.4155    27.4272   -2.16821 -9.990e-29     2.9890   3.172167    34.4080    27.4215      1.117    34.4153    34.4078    27.4271    27.4213     2.9036     2.9010    7.47688     1.6549     16.549 0.0000e+00
   1263.000     2.9895   3.172937    34.4162    27.4280   -2.16820 1.0630e-02     2.9870   3.172073    34.4085    27.4220      1.160    34.4160    34.4083    27.4278    27.4218     2.9015     2.8990    7.47724     1.6556     16.556 0.0000e+00
   1264.000     2.9908   3.173069    34.4159    27.4276   -2.16865 1.0630e-02     2.9874   3.172145    34.4084    27.4219      0.592    34.4158    34.4082    27.4275    27.4218     2.9026     2.8993    7.47702     1.6564     16.564 0.0000e+00
   1265.000     2.9905   3.173083    34.4158    27.4276   -2.16953 -9.990e-29     2.9870   3.172162    34.4084    27.4220      0.320    34.4158    34.4083    27.4275    27.4219     2.9023     2.8988    7.47707     1.6571     16.571 0.0000e+00
   1266.000     2.9877   3.172981    34.4171    27.4288   -2.16992 1.0630e-02     2.9847   3.172096    34.4095    27.4231      0.559    34.4169    34.4094    27.4287    27.4230     2.8995     2.8965    7.47753     1.6578     16.578 0.0000e+00
   1267.000     2.9865   3.172961    34.4176    27.4293   -2.17036 1.0630e-02     2.9836   3.172084    34.4101    27.4236      0.740    34.4175    34.4099    27.4293    27.4235     2.8981     2.8953    7.47774     1.6586     16.586 0.0000e+00
   1268.000     2.9861   3.172993    34.4179    27.4297   -2.17057 1.0630e-02     2.9834   3.172126    34.4103    27.4239      0.599    34.4178    34.4102    27.4296    27.4238     2.8977     2.8950    7.47779     1.6593     16.593 0.0000e+00
   1269.000     2.9860   3.173049    34.4181    27.4299   -2.17048 1.0630e-02     2.9833   3.172173    34.4105    27.4240      0.774    34.4180    34.4104    27.4298    27.4239     2.8975     2.8948    7.47780     1.6600     16.600 0.0000e+00
   1270.000     2.9860   3.173092    34.4182    27.4299   -2.17040 1.0630e-02     2.9833   3.172227    34.4106    27.4241      1.060    34.4181    34.4105    27.4298    27.4240     2.8974     2.8948    7.47780     1.6608     16.608 0.0000e+00
   1271.000     2.9864   3.173160    34.4180    27.4297   -2.17074 1.0630e-02     2.9835   3.172276    34.4104    27.4239      0.905    34.4179    34.4103    27.4297    27.4239     2.8978     2.8949    7.47772     1.6616     16.616 0.0000e+00
   1272.000     2.9864   3.173220    34.4182    27.4299   -2.17198 -9.990e-29     2.9835   3.172345    34.4107    27.4242      0.565    34.4182    34.4107    27.4299    27.4241     2.8977     2.8948    7.47772     1.6626     16.626 0.0000e+00
   1273.000     2.9863   3.173271    34.4184    27.4301   -2.17214 1.0630e-02     2.9837   3.172411    34.4109    27.4243      0.803    34.4184    34.4108    27.4301    27.4242     2.8975     2.8949    7.47772     1.6633     16.633 0.0000e+00
   1274.000     2.9867   3.173377    34.4187    27.4303   -2.17215 1.0630e-02     2.9839   3.172499    34.4111    27.4245      0.960    34.4187    34.4111    27.4303    27.4245     2.8978     2.8951    7.47763     1.6640     16.640 0.0000e+00
   1275.000     2.9876   3.173539    34.4193    27.4307   -2.17219 1.0630e-02     2.9847   3.172654    34.4117    27.4248      1.140    34.4192    34.4116    27.4307    27.4248     2.8986     2.8957    7.47744     1.6648     16.648 0.0000e+00
   1276.000     2.9879   3.173636    34.4195    27.4309   -2.17219 1.0630e-02     2.9852   3.172763    34.4119    27.4250      1.279    34.4195    34.4119    27.4309    27.4250     2.8989     2.8962    7.47736     1.6655     16.655 0.0000e+00
   1277.000     2.9881   3.173638    34.4189    27.4303   -2.17276 1.0630e-02     2.9855   3.172818    34.4118    27.4249      0.661    34.4189    34.4118    27.4303    27.4249     2.8989     2.8964    7.47736     1.6663     16.663 0.0000e+00
   1278.000     2.9880   3.173691    34.4191    27.4305   -2.17359 -9.990e-29     2.9856   3.172904    34.4122    27.4252      0.548    34.4191    34.4121    27.4305    27.4252     2.8988     2.8964    7.47736     1.6671     16.671 0.0000e+00
   1279.000     2.9882   3.173895    34.4208    27.4319   -2.17383 -9.990e-29     2.9853   3.173019    34.4133    27.4262      0.854    34.4208    34.4134    27.4319    27.4262     2.8989     2.8960    7.47724     1.6678     16.678 0.0000e+00
   1280.000     2.9871   3.174018    34.4231    27.4338   -2.17386 -9.990e-29     2.9842   3.173163    34.4158    27.4282      1.005    34.4230    34.4157    27.4338    27.4282     2.8977     2.8949    7.47735     1.6686     16.686 0.0000e+00
   1281.000     2.9868   3.174285    34.4262    27.4363   -2.17379 -9.990e-29     2.9841   3.173452    34.4189    27.4307      1.182    34.4261    34.4189    27.4362    27.4307     2.8973     2.8947    7.47725     1.6693     16.693 0.0000e+00
   1282.000     2.9894   3.174702    34.4278    27.4374   -2.17371 -9.990e-29     2.9866   3.173856    34.4206    27.4318      1.313    34.4278    34.4206    27.4374    27.4319     2.8998     2.8970    7.47668     1.6700     16.700 0.0000e+00
   1283.000     2.9902   3.174893    34.4286    27.4380   -2.17363 -9.990e-29     2.9876   3.174051    34.4213    27.4324      1.308    34.4287    34.4214    27.4380    27.4324     2.9006     2.8979    7.47647     1.6707     16.707 0.0000e+00
   1284.000     2.9894   3.174690    34.4266    27.4365   -2.17503 1.0630e-02     2.9871   3.173951    34.4201    27.4315      1.015    34.4266    34.4202    27.4365    27.4315     2.8997     2.8974    7.47673     1.6724     16.724 0.0000e+00
   1285.000     2.9896   3.174835    34.4277    27.4373   -2.17543 1.0630e-02     2.9869   3.174034    34.4209    27.4321      1.255    34.4277    34.4209    27.4373    27.4321     2.8997     2.8971    7.47665     1.6734     16.734 0.0000e+00
   1286.000     2.9889   3.175039    34.4304    27.4395   -2.17541 1.0630e-02     2.9861   3.174172    34.4229    27.4338      1.410    34.4304    34.4229    27.4395    27.4338     2.8990     2.8962    7.47664     1.6741     16.741 0.0000e+00
   1287.000     2.9880   3.175088    34.4314    27.4404   -2.17535 1.0630e-02     2.9852   3.174215    34.4238    27.4346      1.461    34.4314    34.4238    27.4404    27.4346     2.8980     2.8953    7.47675     1.6749     16.749 0.0000e+00
   1288.000     2.9880   3.175122    34.4313    27.4404   -2.17527 1.0630e-02     2.9851   3.174260    34.4240    27.4348      1.439    34.4313    34.4240    27.4403    27.4347     2.8979     2.8951    7.47676     1.6756     16.756 0.0000e+00
   1289.000     2.9888   3.175123    34.4299    27.4392   -2.17624 1.0630e-02     2.9858   3.174303    34.4233    27.4341      0.806    34.4299    34.4233    27.4392    27.4341     2.8987     2.8957    7.47667     1.6767     16.767 0.0000e+00
   1290.000     2.9886   3.175204    34.4306    27.4398   -2.17705 1.0630e-02     2.9857   3.174369    34.4237    27.4345      0.973    34.4306    34.4236    27.4397    27.4344     2.8984     2.8955    7.47668     1.6776     16.776 0.0000e+00
   1291.000     2.9886   3.175401    34.4326    27.4413   -2.17719 1.0630e-02     2.9861   3.174582    34.4254    27.4358      1.128    34.4326    34.4253    27.4413    27.4358     2.8983     2.8958    7.47659     1.6783     16.783 0.0000e+00
   1292.000     2.9889   3.175495    34.4328    27.4415   -2.17730 1.0630e-02     2.9863   3.174678    34.4257    27.4361      1.105    34.4328    34.4257    27.4415    27.4360     2.8985     2.8960    7.47651     1.6791     16.791 0.0000e+00
   1293.000     2.9887   3.175577    34.4335    27.4421   -2.17722 1.0630e-02     2.9860   3.174723    34.4261    27.4364      1.078    34.4335    34.4261    27.4421    27.4364     2.8982     2.8956    7.47652     1.6798     16.798 0.0000e+00
   1294.000     2.9876   3.175567    34.4341    27.4426   -2.17704 1.0630e-02     2.9848   3.174701    34.4266    27.4369      0.937    34.4340    34.4265    27.4426    27.4368     2.8971     2.8943    7.47670     1.6805     16.805 0.0000e+00
   1295.000     2.9883   3.175634    34.4337    27.4422   -2.17738 1.0630e-02     2.9856   3.174794    34.4264    27.4367      0.699    34.4336    34.4264    27.4422    27.4367     2.8977     2.8950    7.47659     1.6815     16.815 0.0000e+00
   1296.000     2.9891   3.175861    34.4350    27.4432   -2.17836 1.0630e-02     2.9866   3.175082    34.4282    27.4381      1.072    34.4350    34.4282    27.4432    27.4381     2.8984     2.8960    7.47636     1.6828     16.828 0.0000e+00
   1297.000     2.9910   3.176263    34.4372    27.4449   -2.17835 1.0630e-02     2.9883   3.175407    34.4298    27.4391      1.320    34.4373    34.4298    27.4449    27.4392     2.9002     2.8975    7.47589     1.6835     16.835 0.0000e+00
   1298.000     2.9913   3.176381    34.4379    27.4454   -2.17843 1.0630e-02     2.9893   3.175711    34.4319    27.4408      1.417    34.4380    34.4320    27.4455    27.4409     2.9004     2.8984    7.47581     1.6843     16.843 0.0000e+00
   1299.000     2.9946   3.176939    34.4405    27.4472   -2.17847 1.0630e-02     2.9915   3.176047    34.4331    27.4416      1.441    34.4407    34.4333    27.4474    27.4417     2.9035     2.9005    7.47506     1.6850     16.850 0.0000e+00
   1300.000     2.9948   3.176854    34.4389    27.4459   -2.17894 1.0630e-02     2.9927   3.176133    34.4324    27.4409      0.949    34.4390    34.4325    27.4460    27.4410     2.9037     2.9016    7.47511     1.6858     16.858 0.0000e+00
   1301.000     2.9926   3.176601    34.4377    27.4451   -2.17968 1.0630e-02     2.9903   3.175839    34.4309    27.4399      0.539    34.4377    34.4309    27.4451    27.4399     2.9015     2.8992    7.47557     1.6867     16.867 0.0000e+00
   1302.000     2.9939   3.176966    34.4401    27.4470   -2.17976 1.0630e-02     2.9917   3.176161    34.4328    27.4414      0.842    34.4402    34.4329    27.4470    27.4414     2.9027     2.9005    7.47520     1.6874     16.874 0.0000e+00
   1303.000     2.9925   3.176918    34.4406    27.4475   -2.18001 1.0630e-02     2.9899   3.176077    34.4332    27.4418      1.021    34.4407    34.4333    27.4475    27.4418     2.9011     2.8986    7.47546     1.6881     16.881 0.0000e+00
   1304.000     2.9924   3.176939    34.4405    27.4474   -2.18029 1.0630e-02     2.9895   3.176073    34.4331    27.4418      0.663    34.4405    34.4331    27.4474    27.4418     2.9010     2.8981    7.47548     1.6889     16.889 0.0000e+00
   1305.000     2.9915   3.176889    34.4403    27.4474   -2.18061 -9.990e-29     2.9893   3.176105    34.4332    27.4419      0.413    34.4403    34.4332    27.4474    27.4418     2.9000     2.8979    7.47565     1.6896     16.896 0.0000e+00
   1306.000     2.9932   3.177150    34.4412    27.4479   -2.18059 -9.990e-29     2.9901   3.176255    34.4335    27.4421      0.738    34.4412    34.4336    27.4479    27.4421     2.9016     2.8986    7.47530     1.6903     16.903 0.0000e+00
   1307.000     2.9937   3.177249    34.4413    27.4480   -2.18069 -9.990e-29     2.9908   3.176372    34.4338    27.4422      0.834    34.4414    34.4338    27.4480    27.4423     2.9020     2.8992    7.47520     1.6910     16.910 0.0000e+00
   1308.000     2.9945   3.177386    34.4416    27.4481   -2.18123 -9.990e-29     2.9915   3.176489    34.4340    27.4423      0.223    34.4417    34.4340    27.4482    27.4424     2.9027     2.8997    7.47503     1.6918     16.918 0.0000e+00
   1309.000     2.9950   3.177482    34.4417    27.4482   -2.18159 -9.990e-29     2.9922   3.176622    34.4343    27.4425      0.696    34.4417    34.4343    27.4482    27.4425     2.9032     2.9004    7.47493     1.6925     16.925 0.0000e+00
   1310.000     2.9951   3.177536    34.4417    27.4482   -2.18244 -9.990e-29     2.9924   3.176661    34.4340    27.4423      0.353    34.4418    34.4341    27.4482    27.4423     2.9032     2.9005    7.47490     1.6932     16.932 0.0000e+00
   1311.000     2.9953   3.177608    34.4419    27.4483   -2.18258 -9.990e-29     2.9925   3.176747    34.4345    27.4426      0.635    34.4419    34.4345    27.4483    27.4426     2.9033     2.9006    7.47486     1.6940     16.940 0.0000e+00
   1312.000     2.9961   3.177718    34.4419    27.4482   -2.18248 -9.990e-29     2.9933   3.176872    34.4346    27.4427      1.024    34.4419    34.4347    27.4483    27.4427     2.9040     2.9013    7.47471     1.6947     16.947 0.0000e+00
   1313.000     2.9966   3.177819    34.4421    27.4483   -2.18240 -9.990e-29     2.9938   3.176945    34.4345    27.4425      1.240    34.4421    34.4345    27.4484    27.4426     2.9044     2.9017    7.47461     1.6954     16.954 0.0000e+00
   1314.000     2.9958   3.177760    34.4417    27.4481   -2.18236 -9.990e-29     2.9934   3.176938    34.4343    27.4425      1.296    34.4417    34.4344    27.4482    27.4425     2.9035     2.9012    7.47478     1.6961     16.961 0.0000e+00
   1315.000     2.9957   3.177803    34.4418    27.4483   -2.18336 -9.990e-29     2.9929   3.176926    34.4343    27.4425      0.820    34.4419    34.4343    27.4483    27.4425     2.9034     2.9006    7.47479     1.6973     16.973 0.0000e+00
   1316.000     2.9961   3.177903    34.4421    27.4484   -2.18390 -9.990e-29     2.9942   3.177162    34.4349    27.4428      1.006    34.4421    34.4349    27.4485    27.4428     2.9037     2.9019    7.47470     1.6982     16.982 0.0000e+00
   1317.000     2.9989   3.178257    34.4426    27.4486   -2.18390 1.0630e-02     2.9968   3.177469    34.4356    27.4432      1.216    34.4428    34.4357    27.4488    27.4433     2.9065     2.9044    7.47411     1.6989     16.989 0.0000e+00
   1318.000     3.0006   3.178452    34.4428    27.4486   -2.18393 1.0630e-02     2.9977   3.177585    34.4354    27.4430      1.292    34.4429    34.4356    27.4487    27.4431     2.9080     2.9052    7.47381     1.6996     16.996 0.0000e+00
   1319.000     3.0002   3.178460    34.4429    27.4487   -2.18401 1.0630e-02     2.9976   3.177601    34.4353    27.4429      1.279    34.4430    34.4354    27.4488    27.4430     2.9075     2.9050    7.47389     1.7004     17.004 0.0000e+00
