Data/ctd/proc_sb/sam03_ctd_4.cnv
* Sea-Bird SBE 9 Data File:
* FileName = D:\samoc03\ctddata\004.hex
* Software Version Seasave V 7.20d
* Temperature SN = 2951
* Conductivity SN = 2657
* Number of Bytes Per Scan = 31
* Number of Voltage Words = 2
* Number of Scans Averaged by the Deck Unit = 1
* NMEA Latitude = 34 30.07 S
* NMEA Longitude = 051 29.77 W
* NMEA UTC (Time) = Jul 07 2010  18:29:52
** Ship: Puerto Deseado
** Station: 004
** Operator: AnaP
** 1era estación de la pierna de las pies. CTD de SHN
# nquan = 22
# nvalues = 2728                        
# units = specified
# name 0 = prDM: Pressure, Digiquartz [db]
# name 1 = t090C: Temperature [ITS-90, deg C]
# name 2 = c0S/m: Conductivity [S/m]
# name 3 = sal00: Salinity, Practical [PSU]
# name 4 = sigma-é00: Density [sigma-theta, Kg/m^3]
# name 5 = sbeox0ML/L: Oxygen, SBE 43 [ml/l]
# name 6 = flSP: Fluorescence, Seapoint
# name 7 = t190C: Temperature, 2 [ITS-90, deg C]
# name 8 = c1S/m: Conductivity, 2 [S/m]
# name 9 = sal11: Salinity, Practical, 2 [PSU]
# name 10 = sigma-é11: Density, 2 [sigma-theta, Kg/m^3]
# name 11 = dz/dtM: Descent Rate [m/s]
# name 12 = sal00: Salinity, Practical [PSU]
# name 13 = sal11: Salinity, Practical, 2 [PSU]
# name 14 = sigma-é00: Density [sigma-theta, Kg/m^3]
# name 15 = sigma-é11: Density, 2 [sigma-theta, Kg/m^3]
# name 16 = potemp090C: Potential Temperature [ITS-90, deg C]
# name 17 = potemp190C: Potential Temperature, 2 [ITS-90, deg C]
# name 18 = oxsatML/L: Oxygen Saturation, Weiss [ml/l]
# name 19 = dm: Dynamic Meters [10 J/Kg]
# name 20 = gpa: Geopotential Anomaly [J/Kg]
# name 21 = flag: flag
# span 0 =      1.000,   1366.000       
# span 1 =     2.9860,    20.2095       
# span 2 =   3.172575,   4.962269       
# span 3 =    29.5590,    36.2118       
# span 4 =    21.6704,    27.4507       
# span 5 =   -2.19709,   -1.25092       
# span 6 = -8.004e-04, 1.3306e+00       
# span 7 =     2.9833,    20.2112       
# span 8 =   3.171706,   4.961221       
# span 9 =    28.3476,    36.1987       
# span 10 =    20.7416,    27.4452      
# span 11 =     -2.000,      1.772      
# span 12 =    29.5883,    36.2123      
# span 13 =    28.2362,    36.1992      
# span 14 =    21.6929,    27.4507      
# span 15 =    20.6563,    27.4452      
# span 16 =     2.8970,    20.1948      
# span 17 =     2.8937,    20.1964      
# span 18 =    5.10918,    7.47780      
# span 19 =     0.0013,     2.8166      
# span 20 =      0.013,     28.166      
# span 21 = 0.0000e+00, 0.0000e+00      
# interval = decibars: 1                
# start_time = Jul 07 2010 18:29:52
# bad_flag = -9.990e-29
*END*
[from data line 1647]
   1081.000     3.2422   3.178855    34.3135    27.3217   -2.10909 -9.990e-29     3.2478   3.178698    34.3057    27.3150     -0.697    34.3141    34.3063    27.3222    27.3155     3.1664     3.1720    7.43517     1.8104     18.104 0.0000e+00
   1080.000     3.2425   3.178861    34.3140    27.3221   -2.10654 -9.990e-29     3.2462   3.178489    34.3057    27.3151     -0.172    34.3143    34.3060    27.3224    27.3154     3.1668     3.1705    7.43510     1.8104     18.104 0.0000e+00
   1079.000     3.2487   3.179289    34.3130    27.3207   -2.10639 -9.990e-29     3.2504   3.178809    34.3054    27.3146     -0.720    34.3135    34.3059    27.3212    27.3149     3.1730     3.1747    7.43399     1.8104     18.104 0.0000e+00
   1078.000     3.2553   3.179833    34.3130    27.3201   -2.10657 -9.990e-29     3.2577   3.179398    34.3053    27.3137     -1.034    34.3136    34.3059    27.3206    27.3142     3.1797     3.1820    7.43276     1.8104     18.104 0.0000e+00
   1077.000     3.2592   3.180098    34.3125    27.3194   -2.10662 -9.990e-29     3.2621   3.179708    34.3049    27.3130     -1.212    34.3132    34.3055    27.3199    27.3135     3.1836     3.1865    7.43206     1.8104     18.104 0.0000e+00
   1076.000     3.2649   3.180546    34.3124    27.3188   -2.10695 -9.990e-29     3.2636   3.179832    34.3051    27.3130     -1.248    34.3131    34.3059    27.3193    27.3137     3.1893     3.1881    7.43101     1.8104     18.104 0.0000e+00
   1075.000     3.2641   3.180482    34.3131    27.3193   -2.10679 -9.990e-29     3.2651   3.179890    34.3050    27.3128     -1.081    34.3136    34.3056    27.3198    27.3133     3.1886     3.1896    7.43112     1.8107     18.107 0.0000e+00
   1074.000     3.2663   3.180573    34.3126    27.3187   -2.10488 -9.990e-29     3.2649   3.179813    34.3050    27.3128     -1.254    34.3129    34.3053    27.3190    27.3131     3.1909     3.1895    7.43075     1.8118     18.118 0.0000e+00
   1073.000     3.2677   3.180635    34.3124    27.3185   -2.10482 -9.990e-29     3.2657   3.179844    34.3050    27.3128     -1.522    34.3128    34.3053    27.3188    27.3130     3.1923     3.1904    7.43051     1.8118     18.118 0.0000e+00
   1072.000     3.2686   3.180678    34.3124    27.3184   -2.10488 -9.990e-29     3.2679   3.180015    34.3052    27.3127     -1.653    34.3128    34.3056    27.3187    27.3130     3.1933     3.1926    7.43033     1.8118     18.118 0.0000e+00
   1071.000     3.2727   3.181039    34.3127    27.3184   -2.10493 -9.990e-29     3.2773   3.180866    34.3058    27.3127     -1.648    34.3134    34.3065    27.3188    27.3128     3.1975     3.2020    7.42955     1.8118     18.118 0.0000e+00
   1070.000     3.2751   3.181190    34.3130    27.3183   -2.10331 1.0630e-02     3.2780   3.180678    34.3058    27.3122     -0.896    34.3135    34.3053    27.3186    27.3119     3.1997     3.2087    7.42914     1.8121     18.121 0.0000e+00
   1069.000     3.2730   3.180925    34.3125    27.3181   -2.10098 1.0630e-02     3.2739   3.180394    34.3052    27.3121     -0.412    34.3127    34.3054    27.3182    27.3123     3.1979     3.1984    7.42952     1.8124     18.124 0.0000e+00
   1068.000     3.2811   3.181630    34.3128    27.3175   -2.10099 1.0630e-02     3.2830   3.181214    34.3059    27.3118     -0.882    34.3132    34.3062    27.3179    27.3121     3.2060     3.2079    7.42800     1.8124     18.124 0.0000e+00
   1067.000     3.2959   3.182889    34.3125    27.3159   -2.10131 -9.990e-29     3.2943   3.182292    34.3069    27.3116     -1.142    34.3132    34.3078    27.3165    27.3123     3.2208     3.2192    7.42525     1.8124     18.124 0.0000e+00
   1066.000     3.3006   3.183360    34.3136    27.3163   -2.10166 -9.990e-29     3.3104   3.183750    34.3081    27.3110     -1.256    34.3145    34.3089    27.3170    27.3117     3.2255     3.2352    7.42432     1.8124     18.124 0.0000e+00
   1065.000     3.3073   3.183969    34.3144    27.3163   -2.10143 1.0630e-02     3.3140   3.183935    34.3070    27.3098     -0.919    34.3153    34.3079    27.3170    27.3105     3.2323     3.2389    7.42304     1.8124     18.124 0.0000e+00
   1064.000     3.3036   3.183557    34.3143    27.3166   -2.09967 1.0630e-02     3.3048   3.183084    34.3074    27.3110     -0.366    34.3148    34.3078    27.3170    27.3113     3.2286     3.2299    7.42376     1.8125     18.125 0.0000e+00
   1063.000     3.3105   3.184098    34.3140    27.3157   -2.09749 1.0630e-02     3.3110   3.183601    34.3076    27.3105     -0.341    34.3145    34.3080    27.3161    27.3109     3.2356     3.2361    7.42249     1.8125     18.125 0.0000e+00
   1062.000     3.3179   3.184767    34.3146    27.3155   -2.09752 -9.990e-29     3.3185   3.184235    34.3077    27.3099     -0.630    34.3152    34.3083    27.3160    27.3104     3.2430     3.2436    7.42108     1.8125     18.125 0.0000e+00
   1061.000     3.3357   3.186281    34.3142    27.3135   -2.09724 -9.990e-29     3.3359   3.185775    34.3080    27.3085     -1.051    34.3153    34.3090    27.3144    27.3094     3.2607     3.2609    7.41780     1.8125     18.125 0.0000e+00
   1060.000     3.3462   3.187242    34.3150    27.3132   -2.09699 -9.990e-29     3.3473   3.186739    34.3078    27.3073     -0.982    34.3163    34.3091    27.3141    27.3083     3.2712     3.2723    7.41580     1.8125     18.125 0.0000e+00
   1059.000     3.3491   3.187487    34.3157    27.3134   -2.09719 -9.990e-29     3.3490   3.186849    34.3082    27.3075     -0.399    34.3167    34.3092    27.3142    27.3082     3.2742     3.2741    7.41524     1.8125     18.125 0.0000e+00
   1058.000     3.3513   3.187601    34.3154    27.3130   -2.09692 -9.990e-29     3.3500   3.186899    34.3084    27.3076     -0.520    34.3162    34.3092    27.3136    27.3082     3.2765     3.2751    7.41486     1.8125     18.125 0.0000e+00
   1057.000     3.3404   3.186616    34.3162    27.3146   -2.09482 -9.990e-29     3.3479   3.186608    34.3082    27.3075     -0.211    34.3163    34.3084    27.3147    27.3077     3.2657     3.2732    7.41686     1.8125     18.125 0.0000e+00
   1056.000     3.3532   3.187636    34.3151    27.3126   -2.09457 -9.990e-29     3.3515   3.186904    34.3082    27.3072     -0.749    34.3157    34.3087    27.3130    27.3076     3.2785     3.2768    7.41454     1.8125     18.125 0.0000e+00
   1055.000     3.3612   3.188292    34.3149    27.3116   -2.09462 -9.990e-29     3.3586   3.187500    34.3082    27.3065     -0.968    34.3157    34.3089    27.3122    27.3071     3.2865     3.2839    7.41306     1.8125     18.125 0.0000e+00
   1054.000     3.3626   3.188403    34.3154    27.3118   -2.09462 -9.990e-29     3.3648   3.187997    34.3082    27.3060     -0.995    34.3160    34.3089    27.3124    27.3065     3.2880     3.2901    7.41278     1.8125     18.125 0.0000e+00
   1053.000     3.3664   3.188728    34.3158    27.3118   -2.09471 -9.990e-29     3.3657   3.188044    34.3083    27.3060     -0.895    34.3164    34.3090    27.3123    27.3065     3.2918     3.2911    7.41206     1.8125     18.125 0.0000e+00
   1052.000     3.3681   3.188832    34.3160    27.3118   -2.09345 1.0630e-02     3.3655   3.187997    34.3087    27.3063     -0.674    34.3164    34.3091    27.3122    27.3066     3.2936     3.2911    7.41175     1.8132     18.132 0.0000e+00
   1051.000     3.3695   3.188898    34.3159    27.3117   -2.09276 1.0630e-02     3.3672   3.188077    34.3085    27.3060     -1.275    34.3163    34.3089    27.3119    27.3062     3.2950     3.2928    7.41150     1.8135     18.135 0.0000e+00
   1050.000     3.3705   3.188943    34.3159    27.3115   -2.09279 1.0630e-02     3.3689   3.188189    34.3085    27.3058     -1.698    34.3163    34.3089    27.3118    27.3061     3.2961     3.2945    7.41132     1.8135     18.135 0.0000e+00
   1049.000     3.3726   3.189096    34.3160    27.3114   -2.09297 1.0630e-02     3.3715   3.188421    34.3091    27.3060     -1.892    34.3164    34.3095    27.3117    27.3063     3.2983     3.2972    7.41092     1.8135     18.135 0.0000e+00
   1048.000     3.3749   3.189238    34.3157    27.3110   -2.09323 1.0630e-02     3.3736   3.188500    34.3083    27.3052     -1.764    34.3162    34.3087    27.3113    27.3055     3.3006     3.2994    7.41050     1.8135     18.135 0.0000e+00
   1047.000     3.3755   3.189234    34.3157    27.3109   -2.09240 1.0630e-02     3.3730   3.188410    34.3085    27.3054     -1.198    34.3160    34.3088    27.3111    27.3056     3.3013     3.2988    7.41040     1.8144     18.144 0.0000e+00
   1046.000     3.3759   3.189204    34.3156    27.3107   -2.09176 -9.990e-29     3.3731   3.188320    34.3080    27.3049     -1.589    34.3157    34.3082    27.3109    27.3051     3.3018     3.2990    7.41034     1.8150     18.150 0.0000e+00
   1045.000     3.3753   3.189125    34.3157    27.3109   -2.09180 -9.990e-29     3.3727   3.188272    34.3083    27.3052     -1.904    34.3159    34.3084    27.3111    27.3053     3.3013     3.2987    7.41044     1.8150     18.150 0.0000e+00
   1044.000     3.3751   3.189038    34.3155    27.3107   -2.09186 -9.990e-29     3.3728   3.188202    34.3079    27.3049     -1.937    34.3156    34.3081    27.3108    27.3050     3.3011     3.2989    7.41050     1.8150     18.150 0.0000e+00
   1043.000     3.3751   3.188873    34.3141    27.3096   -2.09133 -9.990e-29     3.3725   3.188037    34.3068    27.3040     -1.091    34.3142    34.3069    27.3097    27.3041     3.3012     3.2986    7.41057     1.8154     18.154 0.0000e+00
   1042.000     3.3751   3.188784    34.3135    27.3091   -2.09060 -9.990e-29     3.3726   3.187931    34.3059    27.3033     -0.910    34.3136    34.3060    27.3092    27.3034     3.3013     3.2989    7.41059     1.8158     18.158 0.0000e+00
   1041.000     3.3751   3.188705    34.3131    27.3088   -2.08976 1.0630e-02     3.3728   3.187805    34.3048    27.3024     -0.227    34.3132    34.3049    27.3088    27.3024     3.3014     3.2991    7.41062     1.8158     18.158 0.0000e+00
   1040.000     3.3753   3.188670    34.3130    27.3087   -2.09020 1.0630e-02     3.3725   3.187800    34.3055    27.3030     -0.840    34.3131    34.3056    27.3087    27.3030     3.3016     3.2989    7.41059     1.8158     18.158 0.0000e+00
   1039.000     3.3760   3.188585    34.3117    27.3076   -2.08998 1.0630e-02     3.3746   3.187811    34.3040    27.3015     -1.128    34.3118    34.3040    27.3077    27.3016     3.3024     3.3011    7.41052     1.8158     18.158 0.0000e+00
   1038.000     3.3783   3.188655    34.3106    27.3065   -2.08957 1.0630e-02     3.3789   3.187997    34.3022    27.2997     -0.760    34.3107    34.3022    27.3066    27.2997     3.3048     3.3054    7.41014     1.8158     18.158 0.0000e+00
   1037.000     3.3791   3.188565    34.3093    27.3053   -2.08809 -9.990e-29     3.3747   3.187657    34.3030    27.3008     -0.340    34.3093    34.3031    27.3054    27.3008     3.3057     3.3013    7.41007     1.8158     18.158 0.0000e+00
   1036.000     3.3831   3.188836    34.3087    27.3045   -2.08833 -9.990e-29     3.3778   3.187852    34.3024    27.3000     -0.671    34.3089    34.3026    27.3046    27.3002     3.3097     3.3045    7.40935     1.8158     18.158 0.0000e+00
   1035.000     3.3889   3.189246    34.3079    27.3033   -2.08802 -9.990e-29     3.3904   3.188825    34.3014    27.2980     -0.706    34.3082    34.3017    27.3036    27.2982     3.3156     3.3170    7.40831     1.8158     18.158 0.0000e+00
   1034.000     3.3946   3.189710    34.3079    27.3028   -2.08656 -9.990e-29     3.3949   3.189207    34.3017    27.2978     -0.446    34.3083    34.3020    27.3031    27.2981     3.3213     3.3216    7.40725     1.8158     18.158 0.0000e+00
   1033.000     3.4018   3.190291    34.3077    27.3020   -2.08610 -9.990e-29     3.4007   3.189625    34.3009    27.2966     -0.494    34.3083    34.3015    27.3024    27.2970     3.3285     3.3274    7.40594     1.8159     18.159 0.0000e+00
   1032.000     3.4102   3.190975    34.3074    27.3009   -2.08599 -9.990e-29     3.4086   3.190210    34.3000    27.2952     -1.023    34.3082    34.3007    27.3015    27.2957     3.3369     3.3353    7.40439     1.8159     18.159 0.0000e+00
   1031.000     3.4121   3.191077    34.3072    27.3005   -2.08591 -9.990e-29     3.4105   3.190293    34.2995    27.2946     -1.145    34.3079    34.3002    27.3011    27.2951     3.3389     3.3373    7.40405     1.8159     18.159 0.0000e+00
   1030.000     3.4124   3.191051    34.3072    27.3004   -2.08600 -9.990e-29     3.4102   3.190226    34.2997    27.2948     -0.788    34.3078    34.3003    27.3009    27.2952     3.3392     3.3371    7.40400     1.8159     18.159 0.0000e+00
   1029.000     3.4117   3.190952    34.3076    27.3009   -2.08463 -9.990e-29     3.4087   3.190052    34.3000    27.2951     -0.234    34.3078    34.3003    27.3011    27.2953     3.3386     3.3356    7.40413     1.8159     18.159 0.0000e+00
   1028.000     3.4127   3.190967    34.3073    27.3005   -2.08448 -9.990e-29     3.4095   3.190053    34.2998    27.2948     -0.687    34.3075    34.3000    27.3007    27.2950     3.3397     3.3365    7.40397     1.8159     18.159 0.0000e+00
   1027.000     3.4130   3.190866    34.3063    27.2997   -2.08448 1.0630e-02     3.4097   3.189979    34.2991    27.2943     -0.912    34.3065    34.2993    27.2999    27.2945     3.3401     3.3368    7.40396     1.8159     18.159 0.0000e+00
   1026.000     3.4154   3.190993    34.3057    27.2990   -2.08437 1.0630e-02     3.4125   3.190140    34.2986    27.2936     -1.042    34.3060    34.2989    27.2992    27.2938     3.3425     3.3397    7.40354     1.8159     18.159 0.0000e+00
   1025.000     3.4157   3.191002    34.3060    27.2992   -2.08420 1.0630e-02     3.4133   3.190156    34.2984    27.2934     -0.642    34.3063    34.2987    27.2994    27.2936     3.3429     3.3406    7.40347     1.8159     18.159 0.0000e+00
   1024.000     3.4145   3.190867    34.3063    27.2995   -2.08372 -9.990e-29     3.4120   3.190004    34.2987    27.2937     -0.457    34.3064    34.2988    27.2996    27.2938     3.3419     3.3393    7.40368     1.8159     18.159 0.0000e+00
   1023.000     3.4151   3.190843    34.3060    27.2992   -2.08319 -9.990e-29     3.4149   3.190091    34.2972    27.2922     -0.331    34.3061    34.2973    27.2993    27.2923     3.3425     3.3423    7.40360     1.8159     18.159 0.0000e+00
   1022.000     3.4184   3.190981    34.3046    27.2978   -2.08284 -9.990e-29     3.4165   3.190138    34.2965    27.2915     -0.557    34.3048    34.2966    27.2979    27.2916     3.3458     3.3440    7.40305     1.8159     18.159 0.0000e+00
   1021.000     3.4214   3.191056    34.3028    27.2960   -2.08111 1.0630e-02     3.4171   3.190125    34.2962    27.2912     -0.459    34.3030    34.2964    27.2962    27.2913     3.3490     3.3447    7.40258     1.8159     18.159 0.0000e+00
   1020.000     3.4224   3.191052    34.3022    27.2955   -2.08025 1.0630e-02     3.4191   3.190173    34.2952    27.2902     -0.543    34.3024    34.2954    27.2957    27.2904     3.3500     3.3467    7.40243     1.8159     18.159 0.0000e+00
   1019.000     3.4265   3.191350    34.3019    27.2949   -2.08040 1.0630e-02     3.4241   3.190608    34.2956    27.2901     -0.761    34.3022    34.2959    27.2951    27.2903     3.3541     3.3518    7.40168     1.8159     18.159 0.0000e+00
   1018.000     3.4401   3.192547    34.3020    27.2937   -2.08069 1.0630e-02     3.4391   3.191995    34.2965    27.2893     -1.039    34.3028    34.2972    27.2942    27.2899     3.3677     3.3667    7.39915     1.8159     18.159 0.0000e+00
