Data/ctd/proc_sb/sam03_ctd_7.cnv
* Sea-Bird SBE 9 Data File:
* FileName = D:\samoc03\ctddata\007.hex
* Software Version Seasave V 7.20d
* Temperature SN = 2951
* Conductivity SN = 2657
* Number of Bytes Per Scan = 31
* Number of Voltage Words = 2
* Number of Scans Averaged by the Deck Unit = 1
* NMEA Latitude = 34 29.86 S
* NMEA Longitude = 048 29.65 W
* NMEA UTC (Time) = Jul 10 2010  05:17:47
** Ship: Puerto Deseado
** Station: 007
** Operator: arp
# nquan = 22
# nvalues = 8234                        
# units = specified
# name 0 = prDM: Pressure, Digiquartz [db]
# name 1 = t090C: Temperature [ITS-90, deg C]
# name 2 = c0S/m: Conductivity [S/m]
# name 3 = sal00: Salinity, Practical [PSU]
# name 4 = sigma-é00: Density [sigma-theta, Kg/m^3]
# name 5 = sbeox0ML/L: Oxygen, SBE 43 [ml/l]
# name 6 = flSP: Fluorescence, Seapoint
# name 7 = t190C: Temperature, 2 [ITS-90, deg C]
# name 8 = c1S/m: Conductivity, 2 [S/m]
# name 9 = sal11: Salinity, Practical, 2 [PSU]
# name 10 = sigma-é11: Density, 2 [sigma-theta, Kg/m^3]
# name 11 = dz/dtM: Descent Rate [m/s]
# name 12 = sal00: Salinity, Practical [PSU]
# name 13 = sal11: Salinity, Practical, 2 [PSU]
# name 14 = sigma-é00: Density [sigma-theta, Kg/m^3]
# name 15 = sigma-é11: Density, 2 [sigma-theta, Kg/m^3]
# name 16 = potemp090C: Potential Temperature [ITS-90, deg C]
# name 17 = potemp190C: Potential Temperature, 2 [ITS-90, deg C]
# name 18 = oxsatML/L: Oxygen Saturation, Weiss [ml/l]
# name 19 = dm: Dynamic Meters [10 J/Kg]
# name 20 = gpa: Geopotential Anomaly [J/Kg]
# name 21 = flag: flag
# span 0 =      1.000,   4119.000       
# span 1 =     0.2316,    18.9460       
# span 2 =   3.062645,   4.840057       
# span 3 =    34.2567,    36.2484       
# span 4 =    25.7591,    27.8475       
# span 5 =    3.14440,    5.42406       
# span 6 = -1.696e-03, 4.1329e-01       
# span 7 =     0.2298,    18.9466       
# span 8 =   3.061865,   4.839381       
# span 9 =    34.2487,    36.2374       
# span 10 =    25.9840,    27.8414      
# span 11 =   -521.335,    673.286      
# span 12 =    34.2549,    36.2486      
# span 13 =    34.2465,    36.2376      
# span 14 =    25.7588,    27.8475      
# span 15 =    25.9867,    27.8414      
# span 16 =    -0.0616,    18.9205      
# span 17 =    -0.0634,    18.9211      
# span 18 =    5.22866,    8.01356      
# span 19 =     0.0006,     4.4271      
# span 20 =      0.006,     44.271      
# span 21 = 0.0000e+00, 0.0000e+00      
# interval = decibars: 1                
# start_time = Jul 10 2010 05:17:47
# bad_flag = -9.990e-29
*END*
[from data line 3556]
   3560.000     0.7275   3.089707    34.7044    27.8409    4.65152 1.0630e-02     0.7258   3.088910    34.6962    27.8344      1.275    34.7036    34.6954    27.8402    27.8338     0.4750     0.4733    7.90816     3.4257     34.257 0.0000e+00
   3561.000     0.7187   3.088912    34.7037    27.8408    4.66730 1.0630e-02     0.7178   3.088166    34.6953    27.8342      1.409    34.7027    34.6943    27.8400    27.8334     0.4663     0.4654    7.91004     3.4260     34.260 0.0000e+00
   3562.000     0.7120   3.088358    34.7036    27.8412    4.66486 1.0630e-02     0.7113   3.087664    34.6956    27.8347      1.476    34.7026    34.6945    27.8403    27.8338     0.4596     0.4590    7.91144     3.4263     34.263 0.0000e+00
   3563.000     0.7098   3.088204    34.7036    27.8413    4.65667 1.0630e-02     0.7079   3.087405    34.6955    27.8349      1.461    34.7025    34.6945    27.8404    27.8341     0.4574     0.4556    7.91189     3.4266     34.266 0.0000e+00
   3564.000     0.7095   3.088222    34.7035    27.8413    4.66156 1.0630e-02     0.7077   3.087416    34.6955    27.8349      1.387    34.7026    34.6945    27.8405    27.8340     0.4570     0.4553    7.91194     3.4269     34.269 0.0000e+00
   3565.000     0.7086   3.088162    34.7033    27.8411    4.66508 1.0630e-02     0.7070   3.087390    34.6953    27.8348      1.304    34.7024    34.6944    27.8404    27.8340     0.4560     0.4545    7.91215     3.4272     34.272 0.0000e+00
   3566.000     0.7073   3.088088    34.7032    27.8411    4.66637 1.0630e-02     0.7050   3.087251    34.6953    27.8348      1.246    34.7024    34.6944    27.8405    27.8342     0.4547     0.4524    7.91242     3.4276     34.276 0.0000e+00
   3567.000     0.7062   3.088027    34.7032    27.8411    4.67015 1.0630e-02     0.7035   3.087140    34.6949    27.8347      1.233    34.7024    34.6942    27.8405    27.8341     0.4535     0.4509    7.91265     3.4279     34.279 0.0000e+00
   3568.000     0.7045   3.087890    34.7028    27.8410    4.66489 1.0630e-02     0.7022   3.087076    34.6950    27.8349      1.211    34.7020    34.6943    27.8404    27.8343     0.4517     0.4495    7.91302     3.4282     34.282 0.0000e+00
   3569.000     0.7032   3.087821    34.7028    27.8411    4.66776 1.0630e-02     0.7012   3.087030    34.6949    27.8348      1.055    34.7021    34.6943    27.8405    27.8343     0.4503     0.4485    7.91329     3.4285     34.285 0.0000e+00
   3570.000     0.7030   3.087832    34.7026    27.8409    4.67082 1.0630e-02     0.7009   3.087016    34.6946    27.8346      0.808    34.7020    34.6940    27.8405    27.8341     0.4501     0.4481    7.91333     3.4288     34.288 0.0000e+00
   3571.000     0.6999   3.087592    34.7025    27.8410    4.67216 1.0630e-02     0.6984   3.086830    34.6945    27.8347      0.748    34.7019    34.6940    27.8405    27.8342     0.4470     0.4455    7.91397     3.4291     34.291 0.0000e+00
   3572.000     0.6990   3.087547    34.7023    27.8409    4.67145 1.0630e-02     0.6967   3.086702    34.6942    27.8345      0.709    34.7018    34.6937    27.8405    27.8341     0.4460     0.4438    7.91416     3.4294     34.294 0.0000e+00
   3573.000     0.6967   3.087376    34.7022    27.8410    4.67348 1.0630e-02     0.6943   3.086519    34.6940    27.8345      0.755    34.7018    34.6935    27.8406    27.8341     0.4436     0.4414    7.91466     3.4297     34.297 0.0000e+00
   3574.000     0.6947   3.087230    34.7021    27.8410    4.66409 1.0630e-02     0.6916   3.086341    34.6942    27.8349      0.938    34.7016    34.6937    27.8407    27.8345     0.4416     0.4387    7.91508     3.4300     34.300 0.0000e+00
   3575.000     0.6898   3.086817    34.7018    27.8411    4.65793 1.0630e-02     0.6879   3.086006    34.6937    27.8346      1.110    34.7012    34.6931    27.8406    27.8341     0.4368     0.4350    7.91610     3.4304     34.304 0.0000e+00
   3576.000     0.6847   3.086400    34.7017    27.8413    4.66602 1.0630e-02     0.6823   3.085525    34.6934    27.8347      1.227    34.7010    34.6927    27.8407    27.8342     0.4317     0.4293    7.91717     3.4307     34.307 0.0000e+00
   3577.000     0.6789   3.085904    34.7014    27.8414    4.66806 1.0630e-02     0.6772   3.085121    34.6934    27.8350      1.311    34.7006    34.6926    27.8408    27.8344     0.4259     0.4243    7.91840     3.4310     34.310 0.0000e+00
   3578.000     0.6777   3.085837    34.7014    27.8414    4.68103 -9.990e-29     0.6761   3.085066    34.6934    27.8351      1.366    34.7007    34.6927    27.8409    27.8345     0.4246     0.4232    7.91865     3.4313     34.313 0.0000e+00
   3579.000     0.6771   3.085821    34.7013    27.8414    4.68784 -9.990e-29     0.6752   3.085018    34.6933    27.8351      1.312    34.7006    34.6926    27.8408    27.8345     0.4240     0.4222    7.91877     3.4316     34.316 0.0000e+00
   3580.000     0.6762   3.085762    34.7010    27.8412    4.67723 -9.990e-29     0.6741   3.084944    34.6930    27.8349      0.822    34.7004    34.6924    27.8408    27.8344     0.4230     0.4210    7.91898     3.4319     34.319 0.0000e+00
   3581.000     0.6755   3.085747    34.7009    27.8412    4.67320 -9.990e-29     0.6737   3.084942    34.6928    27.8347      0.265    34.7005    34.6924    27.8409    27.8344     0.4222     0.4205    7.91911     3.4322     34.322 0.0000e+00
   3582.000     0.6747   3.085716    34.7009    27.8413    4.67011 -9.990e-29     0.6726   3.084917    34.6931    27.8351      0.796    34.7006    34.6928    27.8410    27.8348     0.4213     0.4194    7.91928     3.4325     34.325 0.0000e+00
   3583.000     0.6733   3.085668    34.7008    27.8412    4.67482 -9.990e-29     0.6710   3.084815    34.6927    27.8349      1.081    34.7004    34.6924    27.8409    27.8346     0.4205     0.4471    7.91946     3.4328     34.328 0.0000e+00
   3584.000     0.6699   3.085350    34.7006    27.8413    4.68952 -9.990e-29     0.6678   3.084526    34.6925    27.8349      1.099    34.7002    34.6921    27.8409    27.8346     0.4165     0.4164    7.92028     3.4331     34.331 0.0000e+00
   3585.000     0.6691   3.085297    34.7003    27.8411    4.67408 1.0630e-02     0.6646   3.084268    34.6922    27.8348      0.276    34.7000    34.6919    27.8409    27.8346     0.4156     0.4113    7.92047     3.4335     34.335 0.0000e+00
   3586.000     0.6647   3.084956    34.7003    27.8414    4.66943 1.0630e-02     0.6622   3.084104    34.6923    27.8351      0.862    34.6999    34.6919    27.8411    27.8348     0.4112     0.4088    7.92138     3.4339     34.339 0.0000e+00
   3587.000     0.6597   3.084533    34.7001    27.8415    4.67370 1.0630e-02     0.6593   3.083843    34.6919    27.8349      1.205    34.6996    34.6914    27.8411    27.8345     0.4063     0.4059    7.92244     3.4342     34.342 0.0000e+00
   3588.000     0.6586   3.084470    34.7000    27.8415    4.68311 1.0630e-02     0.6560   3.083626    34.6922    27.8353      1.281    34.6995    34.6917    27.8411    27.8349     0.4051     0.4026    7.92267     3.4345     34.345 0.0000e+00
   3589.000     0.6615   3.084745    34.6997    27.8411    4.67978 1.0630e-02     0.6570   3.083728    34.6918    27.8349      0.653    34.6994    34.6915    27.8409    27.8347     0.4078     0.4035    7.92207     3.4348     34.348 0.0000e+00
   3590.000     0.6606   3.084704    34.6997    27.8411    4.68282 -9.990e-29     0.6572   3.083782    34.6917    27.8349      0.459    34.6995    34.6915    27.8409    27.8347     0.4068     0.4036    7.92227     3.4351     34.351 0.0000e+00
   3591.000     0.6565   3.084393    34.6999    27.8415    4.68299 -9.990e-29     0.6541   3.083521    34.6914    27.8348      0.943    34.6996    34.6911    27.8413    27.8346     0.4027     0.4005    7.92312     3.4354     34.354 0.0000e+00
   3592.000     0.6540   3.084186    34.6996    27.8414    4.67613 -9.990e-29     0.6519   3.083364    34.6914    27.8350      1.252    34.6992    34.6911    27.8411    27.8347     0.4002     0.3982    7.92365     3.4357     34.357 0.0000e+00
   3593.000     0.6520   3.084039    34.6995    27.8414    4.67184 -9.990e-29     0.6500   3.083213    34.6912    27.8349      1.412    34.6991    34.6908    27.8411    27.8346     0.3981     0.3963    7.92408     3.4360     34.360 0.0000e+00
   3594.000     0.6472   3.083638    34.6992    27.8415    4.66154 -9.990e-29     0.6450   3.082794    34.6910    27.8350      1.447    34.6987    34.6905    27.8411    27.8346     0.3934     0.3913    7.92509     3.4363     34.363 0.0000e+00
   3595.000     0.6402   3.083037    34.6989    27.8417    4.67418 1.0630e-02     0.6383   3.082224    34.6908    27.8353      1.375    34.6983    34.6902    27.8412    27.8347     0.3865     0.3847    7.92657     3.4366     34.366 0.0000e+00
   3596.000     0.6368   3.082760    34.6987    27.8417    4.69235 1.0630e-02     0.6344   3.081923    34.6906    27.8353      1.216    34.6980    34.6900    27.8412    27.8348     0.3831     0.3808    7.92729     3.4369     34.369 0.0000e+00
   3597.000     0.6347   3.082622    34.6986    27.8417    4.68099 1.0630e-02     0.6330   3.081810    34.6902    27.8351      0.420    34.6980    34.6897    27.8413    27.8346     0.3809     0.3793    7.92771     3.4373     34.373 0.0000e+00
   3598.000     0.6328   3.082463    34.6981    27.8415    4.68119 -9.990e-29     0.6306   3.081637    34.6901    27.8351      0.525    34.6977    34.6896    27.8411    27.8348     0.3790     0.3769    7.92814     3.4376     34.376 0.0000e+00
   3599.000     0.6160   3.080966    34.6975    27.8419    4.68507 -9.990e-29     0.6145   3.080118    34.6887    27.8350      1.048    34.6965    34.6875    27.8411    27.8339     0.3626     0.3611    7.93169     3.4379     34.379 0.0000e+00
   3600.000     0.6124   3.080698    34.6975    27.8421    4.68792 -9.990e-29     0.6098   3.079803    34.6891    27.8356      1.350    34.6965    34.6882    27.8414    27.8348     0.3590     0.3564    7.93244     3.4382     34.382 0.0000e+00
   3601.000     0.6079   3.080324    34.6974    27.8423    4.68466 -9.990e-29     0.6052   3.079450    34.6892    27.8359      1.493    34.6963    34.6882    27.8415    27.8351     0.3544     0.3519    7.93340     3.4385     34.385 0.0000e+00
   3602.000     0.6060   3.080182    34.6971    27.8422    4.68993 1.0630e-02     0.6025   3.079193    34.6885    27.8354      1.549    34.6961    34.6874    27.8414    27.8346     0.3525     0.3491    7.93380     3.4388     34.388 0.0000e+00
   3603.000     0.6043   3.080059    34.6969    27.8421    4.68606 1.0630e-02     0.6009   3.079141    34.6890    27.8359      1.285    34.6960    34.6880    27.8414    27.8352     0.3507     0.3475    7.93417     3.4391     34.391 0.0000e+00
   3604.000     0.5899   3.078788    34.6962    27.8424    4.68921 1.0630e-02     0.5869   3.077849    34.6876    27.8356      0.640    34.6950    34.6864    27.8414    27.8347     0.3367     0.3338    7.93721     3.4394     34.394 0.0000e+00
   3605.000     0.5827   3.078189    34.6960    27.8427    4.70055 1.0630e-02     0.5808   3.077396    34.6880    27.8363      0.640    34.6949    34.6869    27.8417    27.8354     0.3295     0.3277    7.93873     3.4397     34.397 0.0000e+00
   3606.000     0.5830   3.078261    34.6960    27.8426    4.69410 1.0630e-02     0.5811   3.077469    34.6880    27.8363      0.893    34.6950    34.6870    27.8418    27.8355     0.3297     0.3279    7.93865     3.4400     34.400 0.0000e+00
   3607.000     0.5832   3.078322    34.6959    27.8426    4.69091 1.0630e-02     0.5815   3.077541    34.6880    27.8362      1.028    34.6951    34.6871    27.8419    27.8355     0.3298     0.3282    7.93861     3.4403     34.403 0.0000e+00
   3608.000     0.5840   3.078445    34.6960    27.8426    4.70090 1.0630e-02     0.5823   3.077665    34.6880    27.8363      1.167    34.6952    34.6873    27.8420    27.8356     0.3306     0.3289    7.93842     3.4406     34.406 0.0000e+00
   3609.000     0.5833   3.078407    34.6958    27.8425    4.70358 1.0630e-02     0.5812   3.077594    34.6878    27.8361      1.341    34.6951    34.6871    27.8419    27.8356     0.3297     0.3277    7.93858     3.4409     34.409 0.0000e+00
   3610.000     0.5830   3.078409    34.6957    27.8424    4.69827 1.0630e-02     0.5807   3.077593    34.6879    27.8362      1.477    34.6950    34.6872    27.8419    27.8357     0.3293     0.3272    7.93866     3.4412     34.412 0.0000e+00
   3611.000     0.5832   3.078482    34.6958    27.8425    4.70133 1.0630e-02     0.5812   3.077670    34.6878    27.8361      1.549    34.6952    34.6872    27.8420    27.8356     0.3295     0.3275    7.93859     3.4415     34.415 0.0000e+00
   3612.000     0.5834   3.078517    34.6956    27.8423    4.69936 -9.990e-29     0.5814   3.077718    34.6876    27.8360      1.456    34.6951    34.6871    27.8419    27.8356     0.3295     0.3277    7.93857     3.4418     34.418 0.0000e+00
   3613.000     0.5838   3.078588    34.6954    27.8421    4.69902 -9.990e-29     0.5818   3.077776    34.6874    27.8358      0.231    34.6950    34.6870    27.8418    27.8355     0.3299     0.3279    7.93847     3.4421     34.421 0.0000e+00
   3614.000     0.5831   3.078573    34.6955    27.8423    4.68936 -9.990e-29     0.5812   3.077780    34.6876    27.8360      0.647    34.6952    34.6873    27.8420    27.8357     0.3290     0.3272    7.93862     3.4424     34.424 0.0000e+00
   3615.000     0.5823   3.078534    34.6954    27.8422    4.68751 -9.990e-29     0.5806   3.077761    34.6875    27.8359      1.094    34.6950    34.6872    27.8420    27.8357     0.3282     0.3266    7.93878     3.4427     34.427 0.0000e+00
   3616.000     0.5812   3.078465    34.6953    27.8423    4.68596 -9.990e-29     0.5793   3.077674    34.6874    27.8359      1.369    34.6950    34.6871    27.8420    27.8357     0.3270     0.3252    7.93903     3.4430     34.430 0.0000e+00
   3617.000     0.5754   3.077969    34.6950    27.8424    4.68925 -9.990e-29     0.5737   3.077150    34.6865    27.8356      1.504    34.6946    34.6860    27.8420    27.8352     0.3212     0.3197    7.94026     3.4433     34.433 0.0000e+00
   3618.000     0.5691   3.077432    34.6949    27.8425    4.69041 -9.990e-29     0.5699   3.076883    34.6871    27.8361      1.558    34.6941    34.6863    27.8419    27.8356     0.3150     0.3158    7.94159     3.4436     34.436 0.0000e+00
   3619.000     0.5694   3.077522    34.6950    27.8427    4.70030 1.0630e-02     0.5676   3.076720    34.6869    27.8362      1.570    34.6945    34.6863    27.8422    27.8357     0.3152     0.3135    7.94151     3.4439     34.439 0.0000e+00
   3620.000     0.5684   3.077436    34.6946    27.8424    4.70077 1.0630e-02     0.5642   3.076416    34.6863    27.8360      1.404    34.6941    34.6858    27.8420    27.8355     0.3141     0.3101    7.94175     3.4442     34.442 0.0000e+00
   3621.000     0.5632   3.077019    34.6945    27.8426    4.69903 1.0630e-02     0.5607   3.076182    34.6867    27.8364      1.154    34.6939    34.6861    27.8421    27.8359     0.3090     0.3066    7.94283     3.4445     34.445 0.0000e+00
   3622.000     0.5645   3.077178    34.6946    27.8426    4.69672 1.0630e-02     0.5629   3.076425    34.6868    27.8365      1.008    34.6941    34.6863    27.8422    27.8361     0.3101     0.3086    7.94256     3.4448     34.448 0.0000e+00
   3623.000     0.5653   3.077280    34.6945    27.8425    4.70966 1.0630e-02     0.5635   3.076504    34.6866    27.8362      0.947    34.6941    34.6862    27.8422    27.8359     0.3108     0.3092    7.94240     3.4451     34.451 0.0000e+00
   3624.000     0.5658   3.077365    34.6944    27.8424    4.70203 1.0630e-02     0.5638   3.076547    34.6864    27.8360      0.818    34.6941    34.6860    27.8422    27.8358     0.3112     0.3093    7.94228     3.4454     34.454 0.0000e+00
